function map = IG0326
map.experimentNumber= 'IG0326';
map.amplifierNumber= 1;
map.presynaptic='';
map.postsynaptic='';
%--------------------------------------------------------
map.distanceToPia= 351.3158;
% map.distanceToBarrelTop/Bottom=
map.cortexThickness= 1.1035e+03;
map.layer1Row= 5;
% map.distanceToMidline=
% map.GCCToMidline=
%--------------------------------------------------------
map.soma1Coordinates=[ 55.1843 -108.534 ]; 
map.laserPower= 1.39925 ; 
map.pulseWidth= nan;
map.xSpacing= 50 ; 
map.ySpacing= 50 ; 
map.numberOfMaps= 4 ; 
map.analysisWindow= 0.075 ; 
map.mean=[
        0         0         0         0         0         0         0         0         0         0         0         0 
        0         0         0         0         0         0         0         0         0         0         0         0 
        0         0         0         0         0         0         0         0         0         0         0         0 
        0         0         0         0         0         0         0         0         0         0         0         0 
        0         0         0         0         0         0         0         0         0         0         0         0 
        0         0         0    -3.313    -6.652    -8.961    -6.751    -5.722         0         0         0         0 
   -1.686         0         0         0    -4.291    -8.597     -8.48    -4.724    -3.701         0         0         0 
        0         0         0         0    -4.169    -5.773    -1.813    -4.544         0         0         0         0 
        0         0         0    -2.448    -3.664    -5.519         0         0         0         0         0         0 
        0         0         0    -3.119    -3.755      -5.2    -8.022    -4.842    -4.012    -2.269         0         0 
        0         0         0    -3.446    -4.541      -7.4    -6.196    -12.04    -5.291    -6.565    -3.949         0 
        0         0         0    -2.833     -3.16    -7.382    -6.642    -6.916    -5.428     -1.67         0         0 
        0         0         0         0         0         0         0         0         0         0         0         0 
        0         0         0         0         0         0         0         0         0         0         0         0 
        0         0         0         0         0         0         0         0         0         0         0         0 
        0         0         0         0         0         0         0         0         0         0         0         0 
];
map.min=[
      NaN       NaN       NaN       NaN       NaN       NaN       NaN       NaN       NaN       NaN       NaN       NaN 
      NaN       NaN       NaN       NaN       NaN       NaN       NaN       NaN       NaN       NaN       NaN       NaN 
      NaN       NaN       NaN       NaN       NaN       NaN       NaN       NaN       NaN       NaN       NaN       NaN 
      NaN       NaN       NaN       NaN       NaN       NaN       NaN       NaN       NaN       NaN       NaN       NaN 
      NaN       NaN       NaN       NaN       NaN       NaN       NaN       NaN       NaN       NaN       NaN       NaN 
      NaN       NaN       NaN    -8.677    -17.19    -23.27    -19.38     -14.6       NaN       NaN       NaN       NaN 
   -5.433       NaN       NaN       NaN       -15    -23.11    -22.14    -14.19    -9.082       NaN       NaN       NaN 
      NaN       NaN       NaN       NaN     -13.7    -19.71    -11.19    -12.33       NaN       NaN       NaN       NaN 
      NaN       NaN       NaN    -16.95     -13.3    -17.68       NaN       NaN       NaN       NaN       NaN       NaN 
      NaN       NaN       NaN    -15.41    -19.38    -22.79    -25.46    -15.49    -13.54    -10.62       NaN       NaN 
      NaN       NaN       NaN    -15.57    -22.71    -25.46    -24.65    -46.06    -20.76     -22.3    -10.38       NaN 
      NaN       NaN       NaN    -17.84    -18.33    -26.92    -34.06     -25.3    -17.76    -11.03       NaN       NaN 
      NaN       NaN       NaN       NaN       NaN       NaN       NaN       NaN       NaN       NaN       NaN       NaN 
      NaN       NaN       NaN       NaN       NaN       NaN       NaN       NaN       NaN       NaN       NaN       NaN 
      NaN       NaN       NaN       NaN       NaN       NaN       NaN       NaN       NaN       NaN       NaN       NaN 
      NaN       NaN       NaN       NaN       NaN       NaN       NaN       NaN       NaN       NaN       NaN       NaN 
];
map.integral=[
 -0.05939  -0.08152  -0.05488  -0.01182   0.02532  -0.05036  -0.08109  -0.05905   0.04466  -0.03073  -0.02614  -0.06573 
 -0.02826  -0.05112   0.02085     0.043   -0.1457   0.02722   0.02447  -0.05955  -0.06341   0.02536  -0.03503 -0.006196 
  -0.0849  -0.04064   0.05209  -0.01357  -0.07167  -0.06715 -0.006017  0.006885  -0.04786  -0.01892   0.05094    0.0501 
 -0.03765   0.01306   0.07162   0.05165  -0.01247  -0.04017  -0.01172   0.02828  -0.01852  -0.03972  -0.05789   -0.0324 
    0.151  -0.01078  -0.03133   0.06533  -0.01787  -0.05149    -0.073   -0.0205  -0.06066  -0.00695  -0.03274    -0.152 
 -0.03919  -0.09242  -0.03735   -0.2487   -0.4994   -0.6729    -0.507   -0.4295  -0.05587  -0.05224  -0.05854  -0.05389 
  -0.1266  -0.07837  -0.05664  -0.08021   -0.3224   -0.6454   -0.6366   -0.3547   -0.2778  -0.02104  -0.04248  -0.03097 
 -0.05427  -0.06678  0.001387   -0.1051   -0.3131   -0.4334   -0.1363    -0.341 -0.003288   -0.0394  -0.01546  -0.00596 
 -0.09228     0.145  -0.07349    -0.184   -0.2749   -0.4145   -0.1432  -0.06566   -0.0393  -0.01185   0.01859  -0.08031 
  -0.0342   0.06875  -0.08413   -0.2343   -0.2819   -0.3905   -0.6024   -0.3635    -0.301   -0.1705  -0.02361  -0.01328 
  0.04481  -0.07669   0.05662   -0.2587   -0.3409   -0.5555   -0.4653    -0.904   -0.3971   -0.4929   -0.2964  -0.01198 
 -0.03576  -0.05367   -0.0986   -0.2127   -0.2373   -0.5543   -0.4987   -0.5192   -0.4077   -0.1256  -0.08303  0.007282 
-0.0008515  -0.03939    -0.095   0.02778   0.06976  -0.07303  -0.03569  -0.03196   0.01613  -0.09803  -0.08964  -0.05336 
 -0.04151  -0.03084  -0.08983  -0.08664  -0.04571  -0.06134  -0.04046  -0.01032  0.003406  -0.03686   -0.1158  -0.01653 
-0.008823  -0.05245  -0.08606  -0.01703  -0.06657  -0.01006    0.0654   0.01348   0.03733  -0.02617  -0.07697  -0.03358 
  -0.0674 -0.007866   0.03335  -0.03395  -0.07636  -0.04944  -0.04546 -0.005182  -0.01077  -0.08647  -0.06814 -0.005255 
];
