function map = IG0340
map.experimentNumber= 'IG0340';
map.amplifierNumber= 1;
map.presynaptic='';
map.postsynaptic='';
%--------------------------------------------------------
map.distanceToPia= 194.5640;
% map.distanceToBarrelTop/Bottom=
map.cortexThickness= 1.1225e+03;
map.layer1Row= 3;
% map.distanceToMidline=
% map.GCCToMidline=
%--------------------------------------------------------
map.soma1Coordinates=[ 9.06725 -10.5254 ]; 
map.laserPower= 1.2235 ; 
map.pulseWidth= nan;
map.xSpacing= 50 ; 
map.ySpacing= 50 ; 
map.numberOfMaps= 4 ; 
map.analysisWindow= 0.075 ; 
map.mean=[
        0         0         0         0         0         0         0         0         0         0         0         0 
        0         0         0         0         0         0         0         0         0         0         0         0 
        0         0         0         0         0         0         0         0         0         0         0         0 
        0         0    -13.02    -19.43    -15.31    -21.79    -17.28    -10.35    -11.88         0         0         0 
        0         0     -9.48    -21.48     -42.2    -31.08    -31.95     -21.2    -11.75         0         0         0 
        0         0    -6.933    -13.48    -21.02    -34.79    -37.13    -24.79    -18.03         0         0         0 
        0         0    -11.64    -17.78    -14.42     -57.9    -48.94    -14.45    -4.871    -4.092         0         0 
        0         0         0    -6.767    -19.14    -11.84    -4.473    0.6338         0         0         0         0 
        0         0         0         0         0    -3.623         0         0         0         0         0         0 
        0         0         0         0         0         0         0         0         0         0         0         0 
        0         0         0         0         0         0         0         0         0         0         0         0 
        0         0         0         0         0         0         0         0         0         0         0         0 
];
map.min=[
      NaN       NaN       NaN       NaN       NaN       NaN       NaN       NaN       NaN       NaN       NaN       NaN 
      NaN       NaN       NaN       NaN       NaN       NaN       NaN       NaN       NaN       NaN       NaN       NaN 
      NaN       NaN       NaN       NaN       NaN       NaN       NaN       NaN       NaN       NaN       NaN       NaN 
      NaN       NaN    -57.09    -72.82    -60.98    -87.42    -75.34    -46.06    -40.95       NaN       NaN       NaN 
      NaN       NaN    -45.09    -97.31    -164.8    -125.4    -140.9    -69.01    -48.74       NaN       NaN       NaN 
      NaN       NaN    -44.52    -62.77    -101.4    -163.1    -190.9    -98.53     -53.6       NaN       NaN       NaN 
      NaN       NaN    -65.52    -98.29    -75.98    -271.9    -192.4    -47.52    -39.82     -14.6       NaN       NaN 
      NaN       NaN       NaN    -22.79     -65.6    -43.87    -22.95       -18       NaN       NaN       NaN       NaN 
      NaN       NaN       NaN       NaN       NaN     -22.3       NaN       NaN       NaN       NaN       NaN       NaN 
      NaN       NaN       NaN       NaN       NaN       NaN       NaN       NaN       NaN       NaN       NaN       NaN 
      NaN       NaN       NaN       NaN       NaN       NaN       NaN       NaN       NaN       NaN       NaN       NaN 
      NaN       NaN       NaN       NaN       NaN       NaN       NaN       NaN       NaN       NaN       NaN       NaN 
];
map.integral=[
   0.1772   -0.2054   -0.2449  0.007323  -0.07195    -0.125    0.3455    0.1501     0.125   0.03386    0.1936     0.202 
   0.4606    0.5258    0.1163   0.06804  -0.06299   -0.2622    0.0394     0.322   0.03081   -0.1526   0.05441  0.006504 
   0.2244    0.4161     0.256    -0.256  -0.05375  -0.04698  -0.03679    0.1433   -0.1548   -0.1353    0.3689    -0.063 
   -0.162   -0.5234   -0.9779    -1.459     -1.15    -1.636    -1.298   -0.7777   -0.8918  -0.07874    0.1857   -0.1489 
   0.1604    0.0505   -0.7118    -1.614    -3.168    -2.334    -2.399    -1.592   -0.8828  -0.05313   0.06013   -0.2194 
 -0.01272  -0.04682   -0.5208    -1.012    -1.579    -2.613    -2.789    -1.861    -1.353   -0.2569   -0.1068   -0.3617 
   0.4542  -0.06441    -0.874    -1.336    -1.083    -4.347    -3.675    -1.085   -0.3662   -0.3072  -0.05501  -0.09988 
   0.0151   -0.1485   -0.0202    -0.508    -1.437   -0.8892   -0.3358   0.04731  -0.07709    0.3125    0.1387    -0.139 
  -0.1683   -0.1624    0.1716   0.02904  -0.08985   -0.2721   0.02552  -0.07034   0.02803  -0.02284    0.1082  -0.06541 
  0.08688   -0.0941    0.3685   -0.3078  -0.03577   0.01978    0.2743   -0.1379    0.1912   -0.0923     0.266    0.3788 
 -0.02403   0.06509    0.2659  -0.09258    0.2046   -0.2879     0.237    0.0282   0.05536   0.03147   0.06969    0.3832 
   -0.196    0.1032    0.4411   -0.1139   -0.2291    0.6008   -0.1399  -0.06404    0.3008    -0.209   -0.1505   0.08708 
];
map.onset=[
      NaN       NaN       NaN       NaN       NaN       NaN       NaN       NaN       NaN       NaN       NaN       NaN 
      NaN       NaN       NaN       NaN       NaN       NaN       NaN       NaN       NaN       NaN       NaN       NaN 
      NaN       NaN       NaN       NaN       NaN       NaN       NaN       NaN       NaN       NaN       NaN       NaN 
      NaN       NaN    0.0111    0.0089    0.0096      0.01    0.0091     0.012    0.0036       NaN       NaN       NaN 
      NaN       NaN    0.0119    0.0098    0.0092    0.0092    0.0099    0.0098    0.0117       NaN       NaN       NaN 
      NaN       NaN    0.0153    0.0115    0.0115    0.0094    0.0105    0.0101    0.0117       NaN       NaN       NaN 
      NaN       NaN    0.0073    0.0124     0.011    0.0089    0.0088    0.0105    0.0146    0.0211       NaN       NaN 
      NaN       NaN       NaN    0.0148    0.0108    0.0114    0.0163    0.0128       NaN       NaN       NaN       NaN 
      NaN       NaN       NaN       NaN       NaN    0.0179       NaN       NaN       NaN       NaN       NaN       NaN 
      NaN       NaN       NaN       NaN       NaN       NaN       NaN       NaN       NaN       NaN       NaN       NaN 
      NaN       NaN       NaN       NaN       NaN       NaN       NaN       NaN       NaN       NaN       NaN       NaN 
      NaN       NaN       NaN       NaN       NaN       NaN       NaN       NaN       NaN       NaN       NaN       NaN 
];
map.minOnset=[
      NaN       NaN       NaN       NaN       NaN       NaN       NaN       NaN       NaN       NaN       NaN       NaN 
      NaN       NaN       NaN       NaN       NaN       NaN       NaN       NaN       NaN       NaN       NaN       NaN 
      NaN       NaN       NaN       NaN       NaN       NaN       NaN       NaN       NaN       NaN       NaN       NaN 
      NaN       NaN    0.0168    0.0145    0.0173    0.0182    0.0196    0.0202    0.0203       NaN       NaN       NaN 
      NaN       NaN     0.016    0.0182    0.0175    0.0217    0.0185    0.0151    0.0194       NaN       NaN       NaN 
      NaN       NaN    0.0202    0.0245    0.0186    0.0172     0.021    0.0179    0.0188       NaN       NaN       NaN 
      NaN       NaN    0.0144    0.0173    0.0184     0.017    0.0173    0.0183    0.0216    0.0347       NaN       NaN 
      NaN       NaN       NaN    0.0199    0.0232    0.0197    0.0194    0.0159       NaN       NaN       NaN       NaN 
      NaN       NaN       NaN       NaN       NaN    0.0268       NaN       NaN       NaN       NaN       NaN       NaN 
      NaN       NaN       NaN       NaN       NaN       NaN       NaN       NaN       NaN       NaN       NaN       NaN 
      NaN       NaN       NaN       NaN       NaN       NaN       NaN       NaN       NaN       NaN       NaN       NaN 
      NaN       NaN       NaN       NaN       NaN       NaN       NaN       NaN       NaN       NaN       NaN       NaN 
];
