function map = IG0330
map.experimentNumber= 'IG0330';
map.amplifierNumber= 1;
map.presynaptic='';
map.postsynaptic='';
%--------------------------------------------------------
map.distanceToPia= 319.7048;
% map.distanceToBarrelTop/Bottom=
map.cortexThickness= 1.0896e+03;
map.layer1Row= 3;
% map.distanceToMidline=
% map.GCCToMidline=
%--------------------------------------------------------
map.soma1Coordinates=[ 29.5281 -44.3294 ]; 
map.laserPower= 1.5852 ; 
map.pulseWidth= nan;
map.xSpacing= 50 ; 
map.ySpacing= 50 ; 
map.numberOfMaps= 5 ; 
map.analysisWindow= 0.075 ; 
map.mean=[
        0         0         0         0         0         0         0         0         0         0         0         0 
        0         0         0         0         0         0         0         0         0         0         0         0 
        0         0         0         0         0         0         0         0         0         0         0         0 
        0         0         0         0         0         0         0         0         0         0         0         0 
        0         0         0         0    -1.002    -2.814         0         0         0         0         0         0 
        0         0         0         0   -0.7904    -2.641    -2.026         0         0         0         0         0 
        0         0         0         0         0         0         0         0         0         0         0         0 
        0         0         0         0         0         0         0         0         0         0         0         0 
        0         0         0         0  -0.05822    -2.712    -2.471         0         0         0         0         0 
        0         0         0         0         0    -1.105         0         0         0         0         0         0 
        0         0         0         0         0         0         0         0         0         0         0         0 
        0         0         0         0         0         0         0         0         0         0         0         0 
        0         0         0         0         0         0         0         0         0         0         0         0 
        0         0         0         0         0         0         0         0         0         0         0         0 
        0         0         0         0         0         0         0         0         0         0         0         0 
        0         0         0         0         0         0         0         0         0         0         0         0 
];
map.min=[
      NaN       NaN       NaN       NaN       NaN       NaN       NaN       NaN       NaN       NaN       NaN       NaN 
      NaN       NaN       NaN       NaN       NaN       NaN       NaN       NaN       NaN       NaN       NaN       NaN 
      NaN       NaN       NaN       NaN       NaN       NaN       NaN       NaN       NaN       NaN       NaN       NaN 
      NaN       NaN       NaN       NaN       NaN       NaN       NaN       NaN       NaN       NaN       NaN       NaN 
      NaN       NaN       NaN       NaN    -4.671    -7.785       NaN       NaN       NaN       NaN       NaN       NaN 
      NaN       NaN       NaN       NaN    -6.487    -10.12    -9.666       NaN       NaN       NaN       NaN       NaN 
      NaN       NaN       NaN       NaN       NaN       NaN       NaN       NaN       NaN       NaN       NaN       NaN 
      NaN       NaN       NaN       NaN       NaN       NaN       NaN       NaN       NaN       NaN       NaN       NaN 
      NaN       NaN       NaN       NaN     -5.32    -9.537    -8.758       NaN       NaN       NaN       NaN       NaN 
      NaN       NaN       NaN       NaN       NaN    -6.228       NaN       NaN       NaN       NaN       NaN       NaN 
      NaN       NaN       NaN       NaN       NaN       NaN       NaN       NaN       NaN       NaN       NaN       NaN 
      NaN       NaN       NaN       NaN       NaN       NaN       NaN       NaN       NaN       NaN       NaN       NaN 
      NaN       NaN       NaN       NaN       NaN       NaN       NaN       NaN       NaN       NaN       NaN       NaN 
      NaN       NaN       NaN       NaN       NaN       NaN       NaN       NaN       NaN       NaN       NaN       NaN 
      NaN       NaN       NaN       NaN       NaN       NaN       NaN       NaN       NaN       NaN       NaN       NaN 
      NaN       NaN       NaN       NaN       NaN       NaN       NaN       NaN       NaN       NaN       NaN       NaN 
];
map.integral=[
-0.008155   0.07997  0.001259  0.005203   0.07506  -0.01775  -0.08635  0.008875  -0.03403    -0.061  0.008661   0.04341 
 0.006883 -0.007143  -0.05108 -0.002543   0.02034    0.0482   0.01682   -0.0592 -0.008349 -0.008512   0.07407  -0.02304 
 -0.02477   0.05442    0.1045   0.03864  -0.05098   0.03987   -0.1354    0.0979    0.2122   0.08711  -0.04184    0.0243 
  0.05904 -0.002413  -0.05514   0.02967  -0.03845 -0.006202  -0.03979   0.09487  0.003406   0.03272   0.02008   0.03783 
 -0.02781  -0.05683    0.0099  -0.00629  -0.07519   -0.2113  -0.05671 -0.007214  -0.03683   0.01193  -0.01282   0.05255 
  -0.0184  -0.04101  -0.05032   0.02619  -0.05941   -0.1983   -0.1521   -0.0691    0.0655 -0.001635   0.02281   0.02161 
 -0.02474   -0.0272  -0.07688   -0.0416   0.06987  -0.04914   0.03181   0.03183   0.04741   0.07689   0.03058  0.004207 
  0.02974   0.03796  -0.08239  -0.05588  -0.07426  -0.04226 -0.006202  -0.04614   -0.1105 -0.006098  -0.05022   0.01109 
 -0.07285   0.01879   -0.0242  -0.02488  -0.00445   -0.2035   -0.1855  -0.03593   0.01096   0.03643   -0.0508  -0.01408 
  0.06321  -0.06633  -0.05428  0.007324  -0.09272  -0.08294  -0.04559   0.04179  -0.07183    0.1091    0.0248  -0.04477 
   0.0329 -0.007681   0.02684   0.04442   0.01555  -0.03416  -0.08425  -0.01108   -0.1368  -0.01952   0.04938   0.05768 
 -0.06849    0.1191   0.03687   0.03189   0.04217   0.05027  -0.01708   -0.0452  -0.06839 -0.005767   0.06498 -0.003951 
 -0.07385 -0.0003503  -0.02374   0.07197   0.05363   0.02369  -0.07536  -0.07514   0.07608    0.0117   0.01634   0.02544 
 -0.04136     0.044  -0.01964  -0.01185  -0.02902   0.07344  -0.06101   0.05739  -0.01807    0.1144  0.008875  -0.00929 
-0.005495  -0.02259  -0.07555   -0.0121    0.1089  -0.01069   0.04143   0.01423  -0.02204     0.128  -0.02066  0.002861 
-0.006429   0.06922  -0.03765   0.04072   -0.0173   0.03143  -0.03641   0.03416   0.03256   -0.0195   0.05741  -0.09181 
];
