function map = IG0341
map.experimentNumber= 'IG0341';
map.amplifierNumber= 1;
map.presynaptic='';
map.postsynaptic='';
%--------------------------------------------------------
map.distanceToPia= 314.8579;
% map.distanceToBarrelTop/Bottom=
map.cortexThickness= 1.1200e+03;
map.layer1Row= 2;
% map.distanceToMidline=
% map.GCCToMidline=
%--------------------------------------------------------
map.soma1Coordinates=[ 30.3439 -81.3588 ]; 
map.laserPower= 1.18233 ; 
map.pulseWidth= nan;
map.xSpacing= 50 ; 
map.ySpacing= 50 ; 
map.numberOfMaps= 3 ; 
map.analysisWindow= 0.075 ; 
map.mean=[
   -2.224         0         0         0         0         0         0         0         0         0         0    -2.499 
    -2.62         0         0         0         0         0         0         0         0         0         0         0 
        0         0         0         0         0    -3.734         0   -0.2511         0         0         0         0 
        0         0    -8.442    -5.204         0    -9.749    -8.395         0         0         0         0         0 
        0    -6.119    -3.961    -7.342    -14.17    -20.92    -18.51         0         0         0         0         0 
        0         0    -4.623    -7.878    -13.12    -22.78    -13.97    -1.984         0         0         0         0 
        0         0    -2.559    -11.96    -9.756    -46.81    -19.26         0         0         0         0         0 
        0         0         0    -4.113    -9.602    -5.703    -2.676    -2.416         0         0         0         0 
        0         0         0         0    -4.901    -11.33    -11.76    -3.577         0         0         0         0 
        0         0         0         0         0    -16.61    -12.35    -11.24    -5.781         0         0         0 
        0         0         0         0    -3.252    -5.734    -10.25    -6.757         0         0         0         0 
        0         0         0         0         0         0         0    -2.002         0         0         0         0 
];
map.min=[
   -8.866       NaN       NaN       NaN       NaN       NaN       NaN       NaN       NaN       NaN       NaN    -13.41 
   -16.54       NaN       NaN       NaN       NaN       NaN       NaN       NaN       NaN       NaN       NaN       NaN 
      NaN       NaN       NaN       NaN       NaN    -14.92       NaN    -8.001       NaN       NaN       NaN       NaN 
      NaN       NaN    -27.46    -21.41       NaN    -39.14    -35.68       NaN       NaN       NaN       NaN       NaN 
      NaN    -15.57    -16.54    -20.11    -51.03     -82.5    -64.01       NaN       NaN       NaN       NaN       NaN 
      NaN       NaN    -12.76    -41.09    -75.04    -87.04    -63.14    -17.62       NaN       NaN       NaN       NaN 
      NaN       NaN    -15.57    -51.03    -40.22    -177.8    -75.69       NaN       NaN       NaN       NaN       NaN 
      NaN       NaN       NaN    -22.06    -36.44    -33.63    -20.76    -9.839       NaN       NaN       NaN       NaN 
      NaN       NaN       NaN       NaN    -23.79    -62.28    -58.93    -23.25       NaN       NaN       NaN       NaN 
      NaN       NaN       NaN       NaN       NaN    -68.01    -60.87    -49.52    -17.52       NaN       NaN       NaN 
      NaN       NaN       NaN       NaN     -18.6    -42.17    -56.01     -31.9       NaN       NaN       NaN       NaN 
      NaN       NaN       NaN       NaN       NaN       NaN       NaN    -11.79       NaN       NaN       NaN       NaN 
];
map.integral=[
  -0.1668    0.1158   0.09148  -0.06717    0.1183  -0.04943   0.05619   0.04082  -0.03793   -0.1338    0.1271   -0.1874 
  -0.1967    0.1307 -0.001092    0.1586  -0.05786   0.08241   0.02239   -0.1668   0.09324    -0.143  -0.02665    0.1823 
   0.1017   0.06777  -0.03947   0.07333    0.3204   -0.2803     -0.18  -0.01887 -0.006498  -0.02819   -0.0925  -0.04249 
  0.09156  -0.09605   -0.6341   -0.3908  -0.01594   -0.7321   -0.6304   0.07816   -0.2339    0.1772    0.0313   0.08346 
  -0.2276   -0.4592   -0.2976   -0.5512    -1.064    -1.571     -1.39   0.04238   0.02693   -0.1155   -0.1455   0.08965 
  0.02758   -0.1898    -0.347   -0.5917   -0.9851    -1.711    -1.049    -0.149  -0.02598   -0.1236    0.1475  -0.07985 
 -0.01536  -0.09292   -0.1922   -0.8982   -0.7323    -3.516    -1.446  -0.03901    0.1529    0.3949  0.004898   0.02051 
  0.06379  -0.03616   0.01967   -0.3088   -0.7209   -0.4284   -0.2009   -0.1813  -0.03049    0.3129    -0.124    0.1218 
   0.0233   0.08278   -0.1255    0.0132   -0.3677   -0.8507   -0.8832   -0.2687  -0.05114  -0.01832  -0.03119  -0.06137 
 -0.05616   -0.1081  -0.09604  -0.05049   -0.1435    -1.247   -0.9276   -0.8443    -0.434  -0.04277  -0.04418 -0.001698 
   0.1697 -0.008412   0.01048  -0.04863   -0.2442   -0.4307   -0.7699   -0.5074  -0.08928   0.06653   0.06055  -0.08256 
 -0.02834    0.0427    0.0584   0.08365   -0.0262   0.04443   0.03738   -0.1503 -0.008618  -0.07768   0.04911  -0.02968 
];
map.onset=[
   0.0371       NaN       NaN       NaN       NaN       NaN       NaN       NaN       NaN       NaN       NaN    0.0235 
   0.0321       NaN       NaN       NaN       NaN       NaN       NaN       NaN       NaN       NaN       NaN       NaN 
      NaN       NaN       NaN       NaN       NaN    0.0197       NaN    0.0259       NaN       NaN       NaN       NaN 
      NaN       NaN     0.014    0.0169       NaN    0.0156    0.0164       NaN       NaN       NaN       NaN       NaN 
      NaN    0.0192    0.0161    0.0135    0.0124    0.0124    0.0122       NaN       NaN       NaN       NaN       NaN 
      NaN       NaN    0.0153     0.016    0.0122    0.0104    0.0122    0.0144       NaN       NaN       NaN       NaN 
      NaN       NaN    0.0165    0.0112    0.0114    0.0091      0.01       NaN       NaN       NaN       NaN       NaN 
      NaN       NaN       NaN    0.0159    0.0105    0.0105    0.0122    0.0139       NaN       NaN       NaN       NaN 
      NaN       NaN       NaN       NaN    0.0144    0.0104    0.0105    0.0115       NaN       NaN       NaN       NaN 
      NaN       NaN       NaN       NaN       NaN    0.0045      0.01    0.0108    0.0121       NaN       NaN       NaN 
      NaN       NaN       NaN       NaN    0.0185    0.0122    0.0109    0.0126       NaN       NaN       NaN       NaN 
      NaN       NaN       NaN       NaN       NaN       NaN       NaN     0.017       NaN       NaN       NaN       NaN 
];
map.minOnset=[
   0.0667       NaN       NaN       NaN       NaN       NaN       NaN       NaN       NaN       NaN       NaN    0.0682 
   0.0335       NaN       NaN       NaN       NaN       NaN       NaN       NaN       NaN       NaN       NaN       NaN 
      NaN       NaN       NaN       NaN       NaN    0.0274       NaN     0.026       NaN       NaN       NaN       NaN 
      NaN       NaN    0.0217    0.0249       NaN    0.0222    0.0252       NaN       NaN       NaN       NaN       NaN 
      NaN    0.0282    0.0227    0.0218    0.0204    0.0211    0.0236       NaN       NaN       NaN       NaN       NaN 
      NaN       NaN    0.0244      0.02    0.0218     0.016     0.021    0.0186       NaN       NaN       NaN       NaN 
      NaN       NaN    0.0189    0.0152     0.014    0.0156    0.0162       NaN       NaN       NaN       NaN       NaN 
      NaN       NaN       NaN    0.0215     0.017    0.0145    0.0139     0.027       NaN       NaN       NaN       NaN 
      NaN       NaN       NaN       NaN    0.0202    0.0172    0.0189    0.0218       NaN       NaN       NaN       NaN 
      NaN       NaN       NaN       NaN       NaN    0.0155     0.015    0.0193    0.0262       NaN       NaN       NaN 
      NaN       NaN       NaN       NaN    0.0224    0.0155    0.0163    0.0221       NaN       NaN       NaN       NaN 
      NaN       NaN       NaN       NaN       NaN       NaN       NaN    0.0208       NaN       NaN       NaN       NaN 
];
