function map = IG0331
map.experimentNumber= 'IG0331';
map.amplifierNumber= 1;
map.presynaptic='';
map.postsynaptic='';
%--------------------------------------------------------
map.distanceToPia= 409.4961;
% map.distanceToBarrelTop/Bottom=
map.cortexThickness= 1.0783e+03;
map.layer1Row= 3;
% map.distanceToMidline=
% map.GCCToMidline=
%--------------------------------------------------------
map.soma1Coordinates=[ 9.20003 -91.6753 ]; 
map.laserPower= 1.60075 ; 
map.pulseWidth= nan;
map.xSpacing= 50 ; 
map.ySpacing= 50 ; 
map.numberOfMaps= 4 ; 
map.analysisWindow= 0.075 ; 
map.mean=[
        0         0         0         0         0         0         0         0         0         0         0         0 
        0         0         0         0         0         0         0         0         0         0         0         0 
        0         0    -1.809         0         0         0         0         0         0         0         0         0 
        0         0         0         0         0         0         0         0         0         0         0         0 
        0         0         0         0         0         0         0         0         0         0         0         0 
        0         0         0         0         0         0         0         0         0         0         0         0 
        0         0         0         0         0         0         0         0    -1.838         0         0         0 
        0         0         0    -4.407    -3.499    -7.777    -11.85    -7.968    -5.229         0         0         0 
        0         0         0         0    -19.74    -34.47    -32.03     -14.6     -6.17    -1.983         0         0 
        0         0         0    -8.469    -22.65    -36.83    -29.26    -16.41    -10.17         0         0         0 
        0     -2.72    -11.65    -13.21    -24.34    -33.19    -26.15    -16.47    -8.798    -7.567         0         0 
        0         0    -6.163    -11.01    -18.23    -21.94    -19.25    -10.28    -3.916         0         0         0 
        0         0      -5.6    -8.962    -9.575    -11.07    -10.56    -5.676     -4.62         0         0         0 
        0         0         0    -6.682    -8.709    -5.774    -5.981    -2.868         0         0         0         0 
        0         0         0    -3.528    -4.498    -3.751    -7.986         0         0         0         0         0 
        0         0         0         0    -4.516         0         0         0         0         0         0         0 
];
map.min=[
      NaN       NaN       NaN       NaN       NaN       NaN       NaN       NaN       NaN       NaN       NaN       NaN 
      NaN       NaN       NaN       NaN       NaN       NaN       NaN       NaN       NaN       NaN       NaN       NaN 
      NaN       NaN    -7.542       NaN       NaN       NaN       NaN       NaN       NaN       NaN       NaN       NaN 
      NaN       NaN       NaN       NaN       NaN       NaN       NaN       NaN       NaN       NaN       NaN       NaN 
      NaN       NaN       NaN       NaN       NaN       NaN       NaN       NaN       NaN       NaN       NaN       NaN 
      NaN       NaN       NaN       NaN       NaN       NaN       NaN       NaN       NaN       NaN       NaN       NaN 
      NaN       NaN       NaN       NaN       NaN       NaN       NaN       NaN    -18.25       NaN       NaN       NaN 
      NaN       NaN       NaN    -10.14    -15.49    -35.52    -41.36    -23.03     -23.6       NaN       NaN       NaN 
      NaN       NaN       NaN       NaN     -59.2    -122.6    -101.3    -54.49    -30.17    -17.68       NaN       NaN 
      NaN       NaN       NaN     -24.9    -70.15    -115.7    -95.53    -60.82    -36.98       NaN       NaN       NaN 
      NaN    -12.08    -37.95    -36.01    -77.04    -105.8    -89.69    -61.47    -28.87    -26.92       NaN       NaN 
      NaN       NaN    -18.73    -32.28    -51.58    -72.25    -64.47    -39.57     -14.6       NaN       NaN       NaN 
      NaN       NaN    -20.27    -27.41    -35.68    -32.36    -34.55    -23.52    -14.76       NaN       NaN       NaN 
      NaN       NaN       NaN    -18.57    -24.33    -21.33    -18.57    -12.81       NaN       NaN       NaN       NaN 
      NaN       NaN       NaN    -11.03    -11.52    -15.25    -20.44       NaN       NaN       NaN       NaN       NaN 
      NaN       NaN       NaN       NaN    -11.11       NaN       NaN       NaN       NaN       NaN       NaN       NaN 
];
map.integral=[
  0.03841  -0.07268   0.09311  -0.04075  -0.01008    0.0864  -0.04171  -0.05677   0.04489   0.05842   0.02476  -0.01376 
    0.116    0.1514  -0.06469    0.1075  -0.06739  -0.01342 -0.008089   0.06418   0.08484   0.05932 -0.006828  -0.09919 
  -0.0991     0.118   -0.1358  0.004298  -0.02695  -0.04795   0.03403  -0.01187   0.08982   0.07468 -0.009918  -0.02334 
   0.1366  -0.05133  -0.03725  0.002854   0.04726  -0.03793  -0.09142 -0.008053   0.04619   0.00714  -0.05308   -0.1471 
  0.09674  -0.06508  -0.08604   0.07384  -0.02592  -0.03133   0.05711   0.04259   -0.1025   0.08014  -0.08761   -0.1132 
   0.1026    0.1225  -0.06822   -0.0611    0.0457  -0.04121   -0.1623   0.04776    0.1254   0.04557    0.0159  -0.07018 
 -0.06191   0.04986   0.08608 0.0007704  -0.08974  -0.04363  -0.07875  -0.05164   -0.1381   -0.0656   0.01012   0.03665 
  0.05208   0.06811   0.05663   -0.3308   -0.2628    -0.584   -0.8899   -0.5982   -0.3926   0.06451 -0.0009974  -0.06164 
 -0.07879  -0.07401   -0.1119  0.008409    -1.482    -2.588    -2.405    -1.097   -0.4633   -0.1489   -0.0846    0.1186 
  -0.0686  0.007404  -0.08087   -0.6359    -1.701    -2.765    -2.197    -1.232   -0.7636  -0.05156  -0.04578    0.1498 
 -0.06006   -0.2044   -0.8744   -0.9916    -1.828    -2.492    -1.964    -1.237   -0.6605   -0.5683  -0.01378   0.04169 
  0.02779  -0.07961   -0.4628   -0.8268    -1.368    -1.647    -1.446    -0.772   -0.2941  -0.04821    0.0709  -0.08926 
  0.02644  -0.06842   -0.4205   -0.6728   -0.7191   -0.8314   -0.7932   -0.4262   -0.3469  0.002295   -0.0286   -0.0804 
   0.1087  -0.05887  -0.06547   -0.5017   -0.6537   -0.4336   -0.4492   -0.2153  0.009058    0.1172    0.1219 -0.006658 
  0.01955   -0.1218   0.04393   -0.2648   -0.3375   -0.2818   -0.5995 -0.001634   -0.1445   0.02121     0.062  -0.08357 
  0.02252    0.1721   -0.0737  -0.05512    -0.339   -0.0477   0.01149  -0.01084  -0.08871  -0.07371   -0.1071  -0.08665 
];
