function map = IG0352
map.experimentNumber= 'IG0352';
map.amplifierNumber= 1;
map.presynaptic='';
map.postsynaptic='';
%--------------------------------------------------------
map.distanceToPia= 355.0829;
% map.distanceToBarrelTop/Bottom=
map.cortexThickness= 967.3143;
map.layer1Row= 3;
% map.distanceToMidline=
% map.GCCToMidline=
%--------------------------------------------------------
map.soma1Coordinates=[ 23.5489 -32.7177 ]; 
map.laserPower= 1.21525 ; 
map.pulseWidth= nan;
map.xSpacing= 50 ; 
map.ySpacing= 50 ; 
map.numberOfMaps= 4 ; 
map.analysisWindow= 0.075 ; 
map.mean=[
        0         0         0         0         0         0         0         0         0         0         0         0 
        0         0         0         0         0         0         0         0         0         0         0         0 
        0         0         0         0         0         0         0         0         0         0    -2.378         0 
        0         0         0         0         0         0         0         0         0         0         0         0 
        0         0         0         0         0         0    -9.566    -13.59      -7.2    -7.154         0         0 
        0         0         0         0         0         0    -4.675    -6.185    -5.975    -2.989         0         0 
        0         0         0         0         0         0         0         0         0         0         0         0 
        0         0         0         0    -3.923         0         0         0         0         0         0         0 
        0         0         0    -3.966    -7.147    -11.96    -5.244    -5.213         0         0         0         0 
        0         0    -6.275    -7.612    -7.326    -15.38     -12.7         0         0         0         0         0 
        0         0         0     -3.11         0    -3.436    -8.035    -2.946         0         0         0         0 
        0         0         0         0         0         0         0         0         0         0         0         0 
        0         0         0         0         0         0         0         0         0         0         0         0 
        0         0         0         0         0         0         0         0         0         0         0         0 
        0         0         0         0         0         0         0         0         0         0         0         0 
        0         0         0         0         0         0         0         0         0         0         0         0 
];
map.min=[
      NaN       NaN       NaN       NaN       NaN       NaN       NaN       NaN       NaN       NaN       NaN       NaN 
      NaN       NaN       NaN       NaN       NaN       NaN       NaN       NaN       NaN       NaN       NaN       NaN 
      NaN       NaN       NaN       NaN       NaN       NaN       NaN       NaN       NaN       NaN    -12.08       NaN 
      NaN       NaN       NaN       NaN       NaN       NaN       NaN       NaN       NaN       NaN       NaN       NaN 
      NaN       NaN       NaN       NaN       NaN       NaN    -21.65    -30.33    -22.06    -25.46       NaN       NaN 
      NaN       NaN       NaN       NaN       NaN       NaN    -16.62    -26.03    -23.76    -18.41       NaN       NaN 
      NaN       NaN       NaN       NaN       NaN       NaN       NaN       NaN       NaN       NaN       NaN       NaN 
      NaN       NaN       NaN       NaN    -16.87       NaN       NaN       NaN       NaN       NaN       NaN       NaN 
      NaN       NaN       NaN    -19.14    -28.71    -38.19    -31.71    -21.49       NaN       NaN       NaN       NaN 
      NaN       NaN    -18.89    -22.79    -22.95    -54.01     -44.6       NaN       NaN       NaN       NaN       NaN 
      NaN       NaN       NaN    -16.79       NaN    -16.71    -27.65    -14.11       NaN       NaN       NaN       NaN 
      NaN       NaN       NaN       NaN       NaN       NaN       NaN       NaN       NaN       NaN       NaN       NaN 
      NaN       NaN       NaN       NaN       NaN       NaN       NaN       NaN       NaN       NaN       NaN       NaN 
      NaN       NaN       NaN       NaN       NaN       NaN       NaN       NaN       NaN       NaN       NaN       NaN 
      NaN       NaN       NaN       NaN       NaN       NaN       NaN       NaN       NaN       NaN       NaN       NaN 
      NaN       NaN       NaN       NaN       NaN       NaN       NaN       NaN       NaN       NaN       NaN       NaN 
];
map.integral=[
   0.1202   -0.1597  -0.08727    0.2098    0.1841 -0.002433    -0.114   -0.0208 -0.003791 -0.007006   -0.0706  -0.03384 
 -0.07896  -0.08749   -0.1286    0.1372    0.0288    0.1809   0.02434  -0.06332   0.05266    0.1169   -0.1415   0.05476 
  0.09685   0.07255   0.02241  -0.04579  -0.04864    0.1099  -0.09725   -0.1401   0.08522   0.02106   -0.1787  -0.01426 
  0.02074   -0.1406   -0.1026    0.5886  -0.05175   0.04682    0.0627    0.2231   -0.1867 -0.0001825   -0.0219   0.02449 
 -0.04248  -0.05278    0.1259    0.2447   0.04655    0.0243   -0.7181     -1.02   -0.5408   -0.5371  0.003373    -0.152 
  0.06071  -0.03266  -0.03672   0.02733 -0.001014    0.1299    -0.351   -0.4646   -0.4488   -0.2246  -0.03197  -0.08789 
  -0.1273   -0.0773   -0.1774   0.08285    -0.113 -0.005474   0.08717   0.08406    0.1125  -0.02379  -0.02756   0.02828 
   0.1827   0.06092   0.07851   -0.1097   -0.2946   -0.1521    0.1028     0.016   -0.1073   0.01441   -0.1222   0.02539 
 -0.05096    0.1311   -0.2044   -0.2978   -0.5367    -0.898   -0.3939   -0.3914  -0.02889   -0.1246   0.06204   0.03938 
  0.09189  -0.00609   -0.4711   -0.5715   -0.5499    -1.155   -0.9534  -0.06822  -0.08926    0.1188  -0.02075    0.1061 
 -0.05522  -0.06677   0.01458   -0.2335  -0.08414    -0.258   -0.6031   -0.2213   0.04877  -0.01398  -0.07216   0.04425 
  0.06732  -0.02157   -0.1139      0.27   0.01805  -0.05839    0.1029     0.102    0.1019    0.1635  -0.05402  -0.07084 
   0.1211   0.09614    0.3517   0.07473  -0.06406    0.1386  0.004083  -0.08374    0.1155   -0.1744  -0.02086  -0.04714 
 -0.02894    0.2016  -0.04986    0.0418     0.075    0.1508    0.1841    0.2694  -0.08746  -0.04237   0.04769   0.07086 
  -0.2239   0.02192  -0.02573    0.1375  0.004922   0.01071  -0.03355   0.03983    0.1076   -0.1293    0.3062   0.02986 
 -0.03787    0.1517    0.3146   0.09952    0.1275  -0.09718  -0.05667    0.0548  -0.01038  -0.04459   0.08958  -0.09003 
];
