function map = IG0329
map.experimentNumber= 'IG0329';
map.amplifierNumber= 1;
map.presynaptic='';
map.postsynaptic='';
%--------------------------------------------------------
map.distanceToPia= 379.7689;
% map.distanceToBarrelTop/Bottom=
map.cortexThickness= 1.0708e+03;
map.layer1Row= 3;
% map.distanceToMidline=
% map.GCCToMidline=
%--------------------------------------------------------
map.soma1Coordinates=[ 34.3195 -55.2012 ]; 
map.laserPower= 1.56325 ; 
map.pulseWidth= nan;
map.xSpacing= 50 ; 
map.ySpacing= 50 ; 
map.numberOfMaps= 4 ; 
map.analysisWindow= 0.075 ; 
map.mean=[
        0         0         0         0         0         0         0         0         0         0         0         0 
        0         0         0         0         0         0    -1.158         0         0         0         0         0 
        0         0         0         0         0         0         0         0         0         0         0         0 
        0         0         0         0         0         0         0         0    -1.467         0         0         0 
        0         0         0         0         0         0         0         0         0         0         0         0 
        0         0         0         0         0         0         0         0         0         0         0         0 
        0         0         0         0         0         0         0         0         0         0         0         0 
        0         0         0         0         0         0         0         0         0         0         0         0 
        0         0         0         0         0         0         0         0         0         0         0         0 
        0         0         0         0         0         0         0         0         0         0         0         0 
        0         0         0         0         0         0         0         0         0         0         0         0 
        0         0         0         0         0         0         0         0    -1.322         0         0         0 
        0         0         0         0         0         0         0         0         0         0         0         0 
        0         0         0         0         0         0         0         0         0         0         0         0 
        0         0         0         0         0         0         0         0         0         0         0         0 
        0         0         0         0         0         0         0         0         0         0         0         0 
];
map.min=[
      NaN       NaN       NaN       NaN       NaN       NaN       NaN       NaN       NaN       NaN       NaN       NaN 
      NaN       NaN       NaN       NaN       NaN       NaN    -5.677       NaN       NaN       NaN       NaN       NaN 
      NaN       NaN       NaN       NaN       NaN       NaN       NaN       NaN       NaN       NaN       NaN       NaN 
      NaN       NaN       NaN       NaN       NaN       NaN       NaN       NaN     -5.19       NaN       NaN       NaN 
      NaN       NaN       NaN       NaN       NaN       NaN       NaN       NaN       NaN       NaN       NaN       NaN 
      NaN       NaN       NaN       NaN       NaN       NaN       NaN       NaN       NaN       NaN       NaN       NaN 
      NaN       NaN       NaN       NaN       NaN       NaN       NaN       NaN       NaN       NaN       NaN       NaN 
      NaN       NaN       NaN       NaN       NaN       NaN       NaN       NaN       NaN       NaN       NaN       NaN 
      NaN       NaN       NaN       NaN       NaN       NaN       NaN       NaN       NaN       NaN       NaN       NaN 
      NaN       NaN       NaN       NaN       NaN       NaN       NaN       NaN       NaN       NaN       NaN       NaN 
      NaN       NaN       NaN       NaN       NaN       NaN       NaN       NaN       NaN       NaN       NaN       NaN 
      NaN       NaN       NaN       NaN       NaN       NaN       NaN       NaN    -6.163       NaN       NaN       NaN 
      NaN       NaN       NaN       NaN       NaN       NaN       NaN       NaN       NaN       NaN       NaN       NaN 
      NaN       NaN       NaN       NaN       NaN       NaN       NaN       NaN       NaN       NaN       NaN       NaN 
      NaN       NaN       NaN       NaN       NaN       NaN       NaN       NaN       NaN       NaN       NaN       NaN 
      NaN       NaN       NaN       NaN       NaN       NaN       NaN       NaN       NaN       NaN       NaN       NaN 
];
map.integral=[
 -0.05196  -0.01915   0.01939   0.04569  -0.03373  -0.05111  -0.08027  -0.01148   0.09836 -0.0004379  -0.06579  -0.05011 
 -0.03845   0.00399  -0.01324   0.03309  0.001484   0.05875  -0.08679 0.0005352   -0.1041  -0.01243  -0.01893   0.08585 
 -0.04664   0.02874   0.01928  0.009861   -0.1162   0.05455   0.09179   -0.0386  -0.06363  -0.06786   0.07966   0.02619 
 -0.02394   -0.1113    -0.058  -0.06929  -0.09646  -0.09927  0.008401  -0.01803   -0.1101  -0.09563  0.007898   0.05114 
  -0.1217  -0.03882  -0.09714   -0.0759   -0.1025   -0.1336  -0.01643 -0.0009731  -0.04075   -0.1414   0.04077  0.008985 
 -0.05041  -0.08629  -0.05088   -0.1228   -0.0736  -0.03096   -0.1131   -0.1484  -0.09371   -0.0225  -0.02867   -0.0229 
  0.04011  -0.03133  -0.06067   0.03554  -0.03056   -0.1195   0.00463  -0.01473  0.003665    0.0021   0.06358   0.03168 
 0.007582   -0.0394  -0.05372  -0.04273 -0.004411  0.004266    0.0168   0.02447   -0.0128  -0.04033  -0.04661   0.04779 
  0.01652  -0.08542 -0.003965   -0.0108  -0.04074   0.02183   -0.1335  -0.02194 -0.004549  -0.08658  -0.01212  -0.04014 
 -0.08232   0.02597   0.03596   0.03557  -0.08241   -0.0188  -0.04538  -0.04107   0.08735  -0.05325  -0.07376   0.01563 
  0.04971  -0.01533  -0.02241  -0.06071  -0.05626  -0.04734  -0.09661  -0.08353  0.002141   0.04862  -0.05452  -0.04037 
 -0.04851  -0.02635   -0.1195 -0.009488 -0.007104   0.06029  -0.04419   0.05795  -0.09923  -0.05402  -0.09817  -0.04583 
 -0.01726   -0.1426   0.01816  -0.04769 -0.007452   0.07469 0.0003811   -0.0199   0.03298  -0.07967 -0.003674   0.03288 
   0.0191   0.05634   -0.0513  -0.04987  -0.01447   -0.0831   0.03687  -0.03202   0.01594   0.07968   0.02035   -0.1147 
  0.01475  0.007509 -0.009731  0.006706  -0.06499 -0.008036   0.03415   0.01117   0.04634   0.04136   0.03421   0.02337 
 -0.01221   0.04996   0.03186  -0.04704    -0.031  -0.02314   0.03588   0.02274     0.014   -0.0894 -0.006155  -0.06769 
];
