function map = IG0324
map.experimentNumber= 'IG0324';
map.amplifierNumber= 1;
map.presynaptic='';
map.postsynaptic='';
%--------------------------------------------------------
map.distanceToPia= 371.7896;
% map.distanceToBarrelTop/Bottom=
map.cortexThickness= 1.0791e+03;
map.layer1Row= 3;
% map.distanceToMidline=
% map.GCCToMidline=
%--------------------------------------------------------
map.soma1Coordinates=[ 31.7108 -66.147 ]; 
map.laserPower= 1.72333 ; 
map.pulseWidth= nan;
map.xSpacing= 50 ; 
map.ySpacing= 50 ; 
map.numberOfMaps= 3 ; 
map.analysisWindow= 0.075 ; 
map.mean=[
        0         0         0         0         0         0         0         0         0         0         0         0 
        0         0         0         0         0         0         0         0         0         0         0         0 
        0         0         0         0         0         0         0         0         0         0         0         0 
        0    -2.283         0         0         0         0         0         0         0         0         0         0 
        0    -2.683    -11.33    -9.168    -11.57    -7.162    -4.438         0         0         0         0         0 
   -5.597    -3.661    -6.188    -14.85     -17.7    -16.73    -6.083         0         0         0         0         0 
        0    -4.763    -2.064       -12     -12.3    -14.16    -9.711         0         0         0         0         0 
        0         0         0    -7.925    -9.708    -7.359         0    -4.273         0         0         0         0 
        0         0         0    -1.805    -2.341    -9.258    -12.55    -7.457         0         0         0         0 
        0         0         0    -3.533    -3.644    -5.734     -8.73    -10.72    -7.183    -5.021         0         0 
        0         0    -4.335         0    -10.88    -17.31    -17.83    -16.58     -15.2    -9.068         0         0 
     -2.2         0         0         0    -6.562    -11.48    -17.29    -12.59    -9.559    -5.541         0         0 
        0         0         0         0    -2.715     -3.53    -7.064    -4.177    -5.573    -3.821         0         0 
        0         0         0         0         0         0         0         0         0         0         0         0 
        0         0         0         0         0         0         0         0         0         0         0         0 
        0         0         0         0         0         0         0         0         0         0         0         0 
];
map.min=[
      NaN       NaN       NaN       NaN       NaN       NaN       NaN       NaN       NaN       NaN       NaN       NaN 
      NaN       NaN       NaN       NaN       NaN       NaN       NaN       NaN       NaN       NaN       NaN       NaN 
      NaN       NaN       NaN       NaN       NaN       NaN       NaN       NaN       NaN       NaN       NaN       NaN 
      NaN    -7.569       NaN       NaN       NaN       NaN       NaN       NaN       NaN       NaN       NaN       NaN 
      NaN    -13.52    -28.54    -23.68    -28.98    -19.89    -13.41       NaN       NaN       NaN       NaN       NaN 
   -15.14    -16.11    -19.25    -41.52    -49.52    -44.98    -20.33       NaN       NaN       NaN       NaN       NaN 
      NaN    -15.03    -12.76    -32.87    -33.09     -37.3    -24.22       NaN       NaN       NaN       NaN       NaN 
      NaN       NaN       NaN    -23.25    -27.57    -20.76       NaN    -18.16       NaN       NaN       NaN       NaN 
      NaN       NaN       NaN    -12.54    -14.49    -34.38    -46.06    -35.03       NaN       NaN       NaN       NaN 
      NaN       NaN       NaN    -15.46    -17.62    -27.79     -49.3    -43.79    -36.55    -16.22       NaN       NaN 
      NaN       NaN    -19.03       NaN    -44.66    -78.93    -70.71     -59.9    -72.88    -43.25       NaN       NaN 
   -7.569       NaN       NaN       NaN    -24.22     -55.9    -70.17     -61.2    -47.79    -26.92       NaN       NaN 
      NaN       NaN       NaN       NaN    -11.68    -17.41    -39.47    -25.63    -22.06    -21.62       NaN       NaN 
      NaN       NaN       NaN       NaN       NaN       NaN       NaN       NaN       NaN       NaN       NaN       NaN 
      NaN       NaN       NaN       NaN       NaN       NaN       NaN       NaN       NaN       NaN       NaN       NaN 
      NaN       NaN       NaN       NaN       NaN       NaN       NaN       NaN       NaN       NaN       NaN       NaN 
];
map.integral=[
   -0.133  -0.04421  0.004444  -0.05431    -0.218  -0.06473  -0.08743  -0.06068   0.05558    0.1193   -0.1107  -0.05843 
-0.001006  -0.05659  0.002498  -0.01541   0.06325   -0.1243   0.05699   -0.2101   -0.1416   0.07377   0.03088  -0.01556 
  0.07753   0.02827  -0.04233   0.06145   -0.1317   0.07803    0.1007  -0.08865   0.03736  -0.02853    0.1278  -0.02042 
 -0.07427   -0.1712  -0.01676   -0.0635   0.09659   -0.1472   -0.1082   0.03309    0.1006   -0.1405   -0.1069  -0.06559 
 -0.08175   -0.2015   -0.8506   -0.6883   -0.8687   -0.5377   -0.3333   -0.1002  0.006585  -0.03371   0.04941   0.06007 
  -0.4203   -0.2751   -0.4647    -1.115    -1.329    -1.256   -0.4568  -0.02705    0.1086    0.1732  -0.03616    0.0455 
 -0.05993   -0.3575   -0.1551    -0.901   -0.9238    -1.063   -0.7292  -0.09757   0.03079   0.05127   0.02297     0.187 
  0.06725   -0.0224  -0.09761   -0.5952   -0.7291   -0.5526   0.03869   -0.3206    0.1595    -0.042  -0.02128  -0.05675 
 -0.05411  -0.02254  -0.06864   -0.1356   -0.1759    -0.695   -0.9427   -0.5599  -0.02849    0.2323   -0.1134  -0.06632 
  -0.1097  -0.03437   -0.1126   -0.2653   -0.2736   -0.4306   -0.6555   -0.8051   -0.5394   -0.3769   -0.1208  -0.04194 
 -0.02759 -0.001687   -0.3257   0.04832   -0.8169    -1.299    -1.339    -1.245    -1.142   -0.6812   0.08763 -0.0005082 
   -0.165  -0.03674  -0.05644  -0.05462   -0.4928    -0.862    -1.298    -0.945   -0.7179   -0.4161  -0.04463   -0.1421 
 -0.02532  -0.07883   0.09551   -0.0832   -0.2037   -0.2652   -0.5306   -0.3136   -0.4184    -0.287   0.05043   -0.1596 
 -0.05983  -0.08192  -0.03301  -0.03659   0.05419  -0.04772   0.06975  -0.01829  -0.08523  -0.06974   0.04825  -0.01693 
   0.1128   -0.1115 0.0004217   -0.1266  0.007893     -0.11   0.04737   -0.1175   0.08502  -0.02172    0.1177   -0.1339 
  -0.1132  -0.07631  -0.04035   -0.0811   -0.1682  -0.02283  -0.04342  -0.05338  -0.07716    0.1472   0.01739   -0.1042 
];
