function map = IG0346
map.experimentNumber= 'IG0346';
map.amplifierNumber= 1;
map.presynaptic='';
map.postsynaptic='';
%--------------------------------------------------------
map.distanceToPia= 414.7256;
% map.distanceToBarrelTop/Bottom=
map.cortexThickness= 1.2486e+03;
map.layer1Row= 3;
% map.distanceToMidline=
% map.GCCToMidline=
%--------------------------------------------------------
map.soma1Coordinates=[ 27.4021 -101.799 ]; 
map.laserPower= 1.145 ; 
map.pulseWidth= nan;
map.xSpacing= 50 ; 
map.ySpacing= 50 ; 
map.numberOfMaps= 4 ; 
map.analysisWindow= 0.075 ; 
map.mean=[
        0         0         0         0         0         0         0         0         0         0         0         0 
        0         0         0         0         0         0         0         0         0         0         0         0 
        0         0         0         0         0         0         0         0         0         0         0         0 
        0         0         0         0         0         0         0         0         0         0         0         0 
        0         0         0         0         0         0         0         0         0         0         0    -2.209 
        0         0         0         0         0         0         0         0         0         0         0         0 
        0         0         0         0    -1.572         0         0         0         0         0         0         0 
        0         0         0         0     -2.72         0    -3.097         0         0         0         0         0 
        0         0         0         0    -2.655    -7.011    -7.666    -4.662         0         0         0         0 
        0         0    -2.607         0         0    -4.515    -5.861    -2.634         0         0         0         0 
        0         0         0         0    -2.905    -5.148    -3.903         0         0         0         0         0 
        0         0         0         0         0         0    -2.557         0         0         0         0         0 
        0         0         0         0         0         0    -1.719         0         0         0         0         0 
        0         0         0         0         0         0         0         0         0         0         0         0 
        0         0         0         0         0         0         0         0         0         0         0         0 
        0         0         0         0         0         0         0         0         0         0         0         0 
];
map.min=[
      NaN       NaN       NaN       NaN       NaN       NaN       NaN       NaN       NaN       NaN       NaN       NaN 
      NaN       NaN       NaN       NaN       NaN       NaN       NaN       NaN       NaN       NaN       NaN       NaN 
      NaN       NaN       NaN       NaN       NaN       NaN       NaN       NaN       NaN       NaN       NaN       NaN 
      NaN       NaN       NaN       NaN       NaN       NaN       NaN       NaN       NaN       NaN       NaN       NaN 
      NaN       NaN       NaN       NaN       NaN       NaN       NaN       NaN       NaN       NaN       NaN    -7.947 
      NaN       NaN       NaN       NaN       NaN       NaN       NaN       NaN       NaN       NaN       NaN       NaN 
      NaN       NaN       NaN       NaN    -7.785       NaN       NaN       NaN       NaN       NaN       NaN       NaN 
      NaN       NaN       NaN       NaN    -9.407       NaN    -16.22       NaN       NaN       NaN       NaN       NaN 
      NaN       NaN       NaN       NaN    -14.27    -32.52    -32.44    -19.06       NaN       NaN       NaN       NaN 
      NaN       NaN    -7.379       NaN       NaN       -24    -41.68    -20.35       NaN       NaN       NaN       NaN 
      NaN       NaN       NaN       NaN    -13.79    -19.22    -19.14       NaN       NaN       NaN       NaN       NaN 
      NaN       NaN       NaN       NaN       NaN       NaN    -16.54       NaN       NaN       NaN       NaN       NaN 
      NaN       NaN       NaN       NaN       NaN       NaN    -14.19       NaN       NaN       NaN       NaN       NaN 
      NaN       NaN       NaN       NaN       NaN       NaN       NaN       NaN       NaN       NaN       NaN       NaN 
      NaN       NaN       NaN       NaN       NaN       NaN       NaN       NaN       NaN       NaN       NaN       NaN 
      NaN       NaN       NaN       NaN       NaN       NaN       NaN       NaN       NaN       NaN       NaN       NaN 
];
map.integral=[
  -0.0762  -0.07868   0.03607     0.115   0.02025   0.04807   0.03294   0.04194    0.1193  -0.06991  -0.09977    0.1315 
  0.06617   0.03305   0.04781  -0.07559  -0.05003   0.04128  -0.01973   -0.1158 -0.002141  -0.01997 -0.006082   0.06464 
  0.05923  -0.04927   -0.0273   0.03446   0.02288    0.1563   -0.1325    0.0238   0.02366  -0.02689   0.05274  -0.01008 
  0.05584   0.07133  -0.06068  -0.02839   0.02701   0.05421   -0.1447 -0.005076   -0.1014   0.01205  0.006431    0.1087 
  -0.1093  -0.07733  -0.03644   0.01219  -0.05595    0.1573  -0.06423   0.04128  -0.03491  0.004785   0.04052   -0.1657 
  -0.1027  -0.02115  -0.01025  -0.07626  -0.09582  -0.06541  -0.04403  -0.09786  -0.01118 -0.005449  -0.01569  -0.05679 
   0.0192  0.001346   0.01611  -0.06277    -0.118   0.03797  -0.03504  -0.07846  0.002263   0.07388  -0.02224  -0.06995 
  -0.0258  -0.09961  -0.07784  -0.01888   -0.2043  -0.09673   -0.2324   -0.1011  -0.01591  0.006528  -0.01293   0.05874 
   -0.061  -0.06133  -0.09805  -0.09497   -0.1993   -0.5262   -0.5756   -0.3498   0.01658  -0.01628  -0.07002  -0.05158 
  0.08951    0.1491   -0.1955   -0.1575   -0.1079    -0.339     -0.44   -0.1978   -0.1496  -0.06273  -0.03283   -0.1717 
 -0.05907  -0.05089   -0.0526   -0.1604   -0.2179   -0.3865   -0.2931   0.01191   0.07114   0.08581   0.07294  -0.06054 
 -0.03192   0.05273 0.0008677   -0.1135  -0.05917  -0.09622    -0.192    0.1004  0.005514  -0.05874  0.007761    0.1405 
 -0.01529   0.04927   0.09895   0.07637  -0.08276  0.002157    -0.129  -0.01171   0.07585   -0.1107    0.0198   0.07917 
 -0.07916    -0.212   -0.1321   -0.1909  -0.03605  -0.03547  0.009382   0.02426   -0.1007  -0.02241   -0.0789 -0.004079 
 -0.01759    0.0724  -0.02114  -0.07724 -0.002157    0.1056  -0.02298  -0.06596   0.03621  -0.05213 -0.006982  -0.04039 
 -0.02091   0.02211   0.05184  -0.07563  -0.05839   -0.1134   0.03922  -0.06848  -0.07315   0.03915   0.02202  -0.06614 
];
