function map = IG0328
map.experimentNumber= 'IG0328';
map.amplifierNumber= 1;
map.presynaptic='';
map.postsynaptic='';
%--------------------------------------------------------
map.distanceToPia= 573.0644;
% map.distanceToBarrelTop/Bottom=
map.cortexThickness= 1.0638e+03
;
map.layer1Row= 3;
% map.distanceToMidline=
% map.GCCToMidline=
%--------------------------------------------------------
map.soma1Coordinates=[ 22.217 -170.585 ]; 
map.laserPower= 1.7062 ; 
map.pulseWidth= nan;
map.xSpacing= 50 ; 
map.ySpacing= 50 ; 
map.numberOfMaps= 5 ; 
map.analysisWindow= 0.075 ; 
map.mean=[
        0         0         0         0         0         0         0         0         0         0         0         0 
        0         0         0         0         0         0         0         0         0         0         0         0 
        0         0         0         0         0         0         0         0         0         0         0         0 
        0         0         0         0         0         0         0         0         0         0         0         0 
        0         0         0         0         0         0         0         0         0         0         0         0 
        0         0         0         0         0         0         0         0         0         0         0         0 
        0         0         0         0         0         0         0         0         0         0         0         0 
        0         0         0         0         0    -1.216         0         0         0         0         0         0 
        0         0         0         0         0    -1.599    -1.826         0         0         0         0         0 
        0         0         0         0         0     -2.67    -1.692         0         0         0         0         0 
        0         0         0         0         0         0         0         0         0         0         0         0 
        0         0         0         0         0         0         0         0         0         0         0         0 
        0         0         0         0         0    -1.462         0         0         0         0         0         0 
        0         0         0         0         0         0         0         0         0         0         0         0 
        0         0         0         0         0         0         0         0         0         0         0         0 
        0         0         0         0         0         0         0         0         0         0         0         0 
        0         0         0         0         0         0         0         0         0         0         0         0 
        0         0         0         0         0         0         0         0         0         0         0         0 
        0         0         0         0         0         0         0         0         0         0         0         0 
        0         0         0         0         0         0         0         0         0         0         0         0 
];
map.min=[
      NaN       NaN       NaN       NaN       NaN       NaN       NaN       NaN       NaN       NaN       NaN       NaN 
      NaN       NaN       NaN       NaN       NaN       NaN       NaN       NaN       NaN       NaN       NaN       NaN 
      NaN       NaN       NaN       NaN       NaN       NaN       NaN       NaN       NaN       NaN       NaN       NaN 
      NaN       NaN       NaN       NaN       NaN       NaN       NaN       NaN       NaN       NaN       NaN       NaN 
      NaN       NaN       NaN       NaN       NaN       NaN       NaN       NaN       NaN       NaN       NaN       NaN 
      NaN       NaN       NaN       NaN       NaN       NaN       NaN       NaN       NaN       NaN       NaN       NaN 
      NaN       NaN       NaN       NaN       NaN       NaN       NaN       NaN       NaN       NaN       NaN       NaN 
      NaN       NaN       NaN       NaN       NaN    -4.476       NaN       NaN       NaN       NaN       NaN       NaN 
      NaN       NaN       NaN       NaN       NaN    -6.163    -6.098       NaN       NaN       NaN       NaN       NaN 
      NaN       NaN       NaN       NaN       NaN    -6.877    -5.709       NaN       NaN       NaN       NaN       NaN 
      NaN       NaN       NaN       NaN       NaN       NaN       NaN       NaN       NaN       NaN       NaN       NaN 
      NaN       NaN       NaN       NaN       NaN       NaN       NaN       NaN       NaN       NaN       NaN       NaN 
      NaN       NaN       NaN       NaN       NaN     -5.32       NaN       NaN       NaN       NaN       NaN       NaN 
      NaN       NaN       NaN       NaN       NaN       NaN       NaN       NaN       NaN       NaN       NaN       NaN 
      NaN       NaN       NaN       NaN       NaN       NaN       NaN       NaN       NaN       NaN       NaN       NaN 
      NaN       NaN       NaN       NaN       NaN       NaN       NaN       NaN       NaN       NaN       NaN       NaN 
      NaN       NaN       NaN       NaN       NaN       NaN       NaN       NaN       NaN       NaN       NaN       NaN 
      NaN       NaN       NaN       NaN       NaN       NaN       NaN       NaN       NaN       NaN       NaN       NaN 
      NaN       NaN       NaN       NaN       NaN       NaN       NaN       NaN       NaN       NaN       NaN       NaN 
      NaN       NaN       NaN       NaN       NaN       NaN       NaN       NaN       NaN       NaN       NaN       NaN 
];
map.integral=[
  0.01006  -0.02206   0.01233  0.001057  -0.03944  -0.01956  -0.01212   0.03759  -0.05104   0.08083  -0.04846 -0.008395 
  0.01813  -0.04993 -0.003698 -0.003568  -0.03811  -0.00641  0.001687  0.005638    0.0609  -0.02508  -0.06085  -0.02902 
  0.02624  -0.05653  -0.01885  -0.04761 -0.004308  -0.07978   0.04421  -0.01877  -0.02377   0.05224  -0.02474  -0.03042 
   0.0156    0.0246  0.008148 -0.006929 -0.0001752  -0.01418 -0.006092 -0.005385    0.0164  -0.01164  0.007655  0.001369 
  0.00543   0.02625   -0.0479  -0.01994  0.001427  -0.02716 -0.002764  -0.01855   0.02002  -0.04538    0.0102  -0.04081 
-0.002614   0.02359   0.09829  -0.02755   0.04215  -0.03918  -0.03878   -0.0254   0.02383  -0.01953  0.007571  -0.02425 
 -0.03131  0.002199  -0.06187  -0.04346 -0.007746  -0.03968   -0.1042  -0.05862   0.00436 -0.008473 0.0004347  -0.05311 
-0.003231 -0.004794   -0.0204  -0.05254  -0.08955  -0.09127   0.03034   0.06515   0.02467  -0.01606  -0.02044   0.01855 
  0.02756 -0.004295  -0.02806  -0.01823  -0.03256     -0.12   -0.1371  0.002809    0.0162  -0.05029   0.04892   0.02422 
  0.05617   0.03996  -0.05359  -0.03397  -0.03193   -0.2005    -0.127 -0.002154   0.02411  -0.01211  -0.02586  -0.03497 
 -0.04215   0.01349  -0.05674  -0.05667  -0.02851  -0.02333   0.02095   -0.0345  0.008233  0.001823 -0.005904   0.01711 
 -0.03126   0.01977   -0.0738   -0.0361 -0.006076  -0.02058   0.03471   0.04165  -0.03308  -0.01456  -0.01904    0.0282 
 -0.02247 -0.002887  0.001064  0.004223  0.007383   -0.1097  0.004703   0.01894  -0.01797 -0.004593  -0.06524 -0.002816 
 -0.06203  -0.04422   0.00107   0.06155   -0.1021   -0.0454   0.03261  -0.05109  -0.01051     0.125   0.01105   0.03558 
  -0.0231  -0.02482   -0.0309  -0.05012  -0.03951   -0.0532 -0.002037  -0.04253   -0.0761  -0.00194  0.001272  -0.02535 
 -0.06255   -0.0537 -6.487e-06  -0.04012  -0.03554   -0.0756  -0.02341   0.03779  -0.01432  -0.05699   -0.0353  -0.01271 
 -0.05004 -0.004924 -0.001486   0.07453   0.01633 -0.008362  -0.01259  -0.05851   0.08265  -0.08645   0.03612   0.04208 
   0.0276  -0.01248    0.0594   0.02462  -0.02536   0.02928  0.006046  -0.02285  0.009952  -0.02042   0.03792  -0.02134 
 -0.02794   0.02673  0.008259    0.0122  -0.05032   0.07207   0.04397  -0.01922  0.009679   0.01502  0.002387   0.00266 
 -0.01292  -0.05723   0.03336  0.009822  -0.04506  -0.03797 -0.001369  -0.00977  -0.06037   0.03122  -0.05721  -0.01193 
];
