function map = IG0354
map.experimentNumber= 'IG0354';
map.amplifierNumber= 1;
map.presynaptic='';
map.postsynaptic='';
%--------------------------------------------------------
map.distanceToPia= 453.0782;
% map.distanceToBarrelTop/Bottom=
map.cortexThickness= 967.3724;
map.layer1Row= 4;
% map.distanceToMidline=
% map.GCCToMidline=
%--------------------------------------------------------
map.soma1Coordinates=[ 12.6326 -104.256 ]; 
map.laserPower= 1.188 ; 
map.pulseWidth= nan;
map.xSpacing= 50 ; 
map.ySpacing= 50 ; 
map.numberOfMaps= 4 ; 
map.analysisWindow= 0.075 ; 
map.mean=[
        0         0         0         0         0         0         0         0         0         0         0         0 
        0         0         0         0         0         0         0         0         0         0         0         0 
        0         0         0         0         0         0         0         0         0         0         0         0 
        0         0         0         0         0         0         0         0         0         0         0         0 
        0         0         0         0         0         0         0         0         0         0         0         0 
        0         0         0         0         0         0         0         0         0         0         0         0 
        0         0         0         0         0         0         0         0         0         0         0         0 
        0         0         0         0         0         0         0         0         0         0         0         0 
        0         0         0         0         0         0         0         0         0         0         0         0 
        0         0         0         0   -0.8549         0         0         0         0         0         0         0 
        0         0         0         0    -2.197         0         0         0         0         0         0         0 
        0         0         0         0         0         0         0         0         0   -0.9111         0         0 
        0         0         0         0         0         0         0         0         0         0         0         0 
        0         0         0         0         0         0         0         0         0         0         0         0 
        0         0         0         0         0         0         0         0         0         0         0         0 
        0         0         0         0         0         0         0         0         0         0         0         0 
        0         0         0         0         0         0         0         0         0         0         0         0 
        0         0         0         0         0         0         0         0         0         0         0         0 
        0         0         0         0         0         0         0         0         0         0         0         0 
        0         0         0         0         0         0         0         0         0         0         0         0 
];
map.min=[
      NaN       NaN       NaN       NaN       NaN       NaN       NaN       NaN       NaN       NaN       NaN       NaN 
      NaN       NaN       NaN       NaN       NaN       NaN       NaN       NaN       NaN       NaN       NaN       NaN 
      NaN       NaN       NaN       NaN       NaN       NaN       NaN       NaN       NaN       NaN       NaN       NaN 
      NaN       NaN       NaN       NaN       NaN       NaN       NaN       NaN       NaN       NaN       NaN       NaN 
      NaN       NaN       NaN       NaN       NaN       NaN       NaN       NaN       NaN       NaN       NaN       NaN 
      NaN       NaN       NaN       NaN       NaN       NaN       NaN       NaN       NaN       NaN       NaN       NaN 
      NaN       NaN       NaN       NaN       NaN       NaN       NaN       NaN       NaN       NaN       NaN       NaN 
      NaN       NaN       NaN       NaN       NaN       NaN       NaN       NaN       NaN       NaN       NaN       NaN 
      NaN       NaN       NaN       NaN       NaN       NaN       NaN       NaN       NaN       NaN       NaN       NaN 
      NaN       NaN       NaN       NaN    -7.866       NaN       NaN       NaN       NaN       NaN       NaN       NaN 
      NaN       NaN       NaN       NaN     -11.6       NaN       NaN       NaN       NaN       NaN       NaN       NaN 
      NaN       NaN       NaN       NaN       NaN       NaN       NaN       NaN       NaN    -6.487       NaN       NaN 
      NaN       NaN       NaN       NaN       NaN       NaN       NaN       NaN       NaN       NaN       NaN       NaN 
      NaN       NaN       NaN       NaN       NaN       NaN       NaN       NaN       NaN       NaN       NaN       NaN 
      NaN       NaN       NaN       NaN       NaN       NaN       NaN       NaN       NaN       NaN       NaN       NaN 
      NaN       NaN       NaN       NaN       NaN       NaN       NaN       NaN       NaN       NaN       NaN       NaN 
      NaN       NaN       NaN       NaN       NaN       NaN       NaN       NaN       NaN       NaN       NaN       NaN 
      NaN       NaN       NaN       NaN       NaN       NaN       NaN       NaN       NaN       NaN       NaN       NaN 
      NaN       NaN       NaN       NaN       NaN       NaN       NaN       NaN       NaN       NaN       NaN       NaN 
      NaN       NaN       NaN       NaN       NaN       NaN       NaN       NaN       NaN       NaN       NaN       NaN 
];
map.integral=[
  0.04637  -0.01883   0.01292    -0.079    0.2506   0.01844  -0.07787  -0.05134  -0.04052  -0.02015  -0.08462    0.0883 
 -0.01562 -0.004549   -0.0601    0.3037  -0.02091    0.1079    -0.101   0.01593  -0.03966  0.002554  -0.02691  -0.02514 
 -0.07557   0.04823  -0.05062  -0.08697   0.02655   0.02399   0.01928    0.0549 -0.0002919   -0.0101   0.01711   -0.1132 
  0.01306     0.102   -0.1175  -0.05587   0.09714  -0.04012  -0.01725   0.04407   0.03116  -0.03436   0.01066   -0.0432 
  0.05963   0.06033   0.01762  -0.06556  -0.02776    0.1182   0.03754  0.006617  -0.04801  0.002879  -0.01491   0.06818 
 -0.05655   -0.1031  0.009285   0.02568  -0.04301    0.0239    0.1393    -0.131  0.004647  0.005677   0.06591    0.0291 
   0.0493  -0.07284  0.002238 -0.004452   0.03305  -0.09875    -0.113  -0.05334  -0.06595   -0.0448   0.09324    0.0455 
  0.05931 -0.008685   -0.1572    0.0113  0.009001  -0.04019  0.007525   -0.1686    0.1876    0.1362  -0.04099   -0.0262 
   0.0121   0.01929   -0.0312  -0.04651   -0.1071  -0.02897   0.05711   0.01512    0.1379   0.05985   0.03574   -0.1143 
  0.06918   0.06496    -0.034  -0.03199  -0.06419   -0.1069  -0.04316  -0.01823  0.009196  -0.02058   0.01615   0.03065 
  0.09813  0.008738    0.0556   0.01354    -0.165 6.082e-05   0.01195  -0.01194   0.02008  -0.08338  -0.03287  -0.06252 
-0.003398   0.04922   -0.1309 -0.002141   -0.0711   0.07585  -0.07474    0.1491   0.07035  -0.06837   0.02992  -0.07604 
  0.01991  -0.09836   -0.1119   0.06494    0.3431   0.02149  -0.02673  -0.07663  -0.02897  -0.03762  -0.02663    0.1656 
  0.03647  -0.03466  -0.08423    0.0152   0.00403    0.0961   -0.1313  -0.06203   0.02556   -0.0137    0.2047  -0.05072 
-0.002238  -0.01823   0.09327   0.05592  -0.00918 -0.001711   -0.1262    0.1186  -0.07088  -0.05848   0.07846  -0.02507 
 -0.04821   0.08411   0.03664   0.08482   0.01411    0.0433   0.09617  -0.01349   0.04991    0.1334  -0.07381  -0.07574 
  0.01216   0.09117   -0.1039  -0.05998  0.009123   -0.1097    0.1724 -0.003163    0.0691  -0.07196  -0.09738    0.1498 
  0.04664   0.04571  -0.07834   0.05301  -0.04938   0.04446   0.02084   0.01476 -0.007217   0.07245   0.05252    0.1526 
   0.2253  -0.01172  -0.01074   0.03073  -0.01397    0.0614   0.04164  -0.02518  -0.07237   0.06371   0.05895  -0.03222 
  0.07101   0.08101  0.003965    0.1064   0.09576   0.05016   0.02745  -0.03259    0.1011    0.1764    0.0866   -0.0318 
];
