function map = IG0332
map.experimentNumber= 'IG0332';
map.amplifierNumber= 1;
map.presynaptic='';
map.postsynaptic='';
%--------------------------------------------------------
map.distanceToPia= 303.9557;
% map.distanceToBarrelTop/Bottom=
map.cortexThickness= 1.0935e+03;
map.layer1Row= 3;
% map.distanceToMidline=
% map.GCCToMidline=
%--------------------------------------------------------
map.soma1Coordinates=[ 32.5151 -61.6017 ]; 
map.laserPower= 1.26025 ; 
map.pulseWidth= nan;
map.xSpacing= 50 ; 
map.ySpacing= 50 ; 
map.numberOfMaps= 4 ; 
map.analysisWindow= 0.075 ; 
map.mean=[
        0         0         0         0         0         0         0         0         0         0         0         0 
        0         0         0         0         0         0         0         0         0         0         0         0 
        0         0         0         0         0         0         0         0         0         0         0         0 
        0         0         0         0         0         0    -5.242    -2.976         0         0         0         0 
        0         0         0    -5.418    -8.573    -7.201    -7.206    -2.426   -0.5803         0         0         0 
        0         0         0    -3.354     -9.71    -18.22    -13.18    -7.808    -3.324         0         0         0 
        0         0         0    -6.192    -12.91    -29.41    -28.57     -9.06    -10.41         0         0         0 
        0         0         0         0    -9.443    -8.329    -5.296    -4.715         0         0    -5.804         0 
        0         0         0         0    -9.478    -9.166    -5.034    -2.486    -4.085         0         0         0 
        0         0         0         0     -3.08    -8.101     -6.71    -2.833    -7.243    -3.779         0         0 
        0         0         0         0         0         0    -3.489    -3.954         0         0         0         0 
        0         0         0         0         0         0         0         0         0         0         0         0 
];
map.min=[
      NaN       NaN       NaN       NaN       NaN       NaN       NaN       NaN       NaN       NaN       NaN       NaN 
      NaN       NaN       NaN       NaN       NaN       NaN       NaN       NaN       NaN       NaN       NaN       NaN 
      NaN       NaN       NaN       NaN       NaN       NaN       NaN       NaN       NaN       NaN       NaN       NaN 
      NaN       NaN       NaN       NaN       NaN       NaN    -14.43     -10.7       NaN       NaN       NaN       NaN 
      NaN       NaN       NaN    -17.52    -40.87    -26.36    -24.65    -35.03    -14.43       NaN       NaN       NaN 
      NaN       NaN       NaN    -25.79    -40.87     -66.5    -51.82    -30.33    -23.84       NaN       NaN       NaN 
      NaN       NaN       NaN    -39.57    -51.82    -148.5    -123.1     -44.2    -49.14       NaN       NaN       NaN 
      NaN       NaN       NaN       NaN    -44.93    -43.38    -23.52    -13.62       NaN       NaN    -14.84       NaN 
      NaN       NaN       NaN       NaN    -38.52    -43.38    -20.52    -20.27    -14.92       NaN       NaN       NaN 
      NaN       NaN       NaN       NaN    -21.41    -34.55    -40.14    -26.27    -24.25    -13.79       NaN       NaN 
      NaN       NaN       NaN       NaN       NaN       NaN    -9.326    -15.81       NaN       NaN       NaN       NaN 
      NaN       NaN       NaN       NaN       NaN       NaN       NaN       NaN       NaN       NaN       NaN       NaN 
];
map.integral=[
   0.1462   0.05081 -0.005425  -0.06571    0.1229  -0.09887   -0.1375   0.04711   0.06221    0.1879   0.03618  -0.02273 
  0.07439   0.03792  -0.04059   -0.1268  -0.05694  -0.04987   0.03864   0.07482    0.2084   -0.1637    0.1164  0.006001 
 -0.04029   -0.1459    0.1604  -0.05625   -0.1751     0.158  -0.05942  -0.03642  -0.03783  -0.09289   0.02372   0.07866 
   0.0766   -0.1389   -0.1944  -0.02486   0.06311    -0.146    -0.394   -0.2233  -0.08442   -0.2795   -0.1344   0.02747 
   0.1765   0.04694   -0.1485   -0.4068   -0.6436   -0.5407   -0.5409   -0.1826  -0.04348   0.01672    0.1303  -0.07529 
   0.1329   -0.1896    -0.119    -0.252   -0.7291    -1.368   -0.9899   -0.5864   -0.2496  -0.01699   -0.1417  -0.02951 
-0.004168  -0.06742    0.1413    -0.465   -0.9695    -2.209    -2.145   -0.6801   -0.7815  0.009038   0.09955    0.1152 
-0.001306  -0.06627   0.03341   -0.1089   -0.7092   -0.6254   -0.3979   -0.3539    0.1235   -0.1159   -0.4356  -0.01401 
  0.01222  -0.06081     0.152   0.02323   -0.7118   -0.6881   -0.3777   -0.1868   -0.3066    0.1038    0.0132   0.02014 
   0.2072   0.04178  0.002668  -0.05165   -0.2315   -0.6082   -0.5039   -0.2129   -0.5438   -0.2838   0.01276   0.04169 
   0.1926  -0.04747  -0.01953   0.01567  -0.05087  -0.02456    -0.262   -0.2969   -0.1434  -0.06668   -0.1225   0.06671 
 -0.04763  -0.02882    0.1187    0.1972  -0.02902    0.1248  -0.06036  -0.06933    0.1964  0.009585  -0.01471 -0.004833 
];
map.onset=[
      NaN       NaN       NaN       NaN       NaN       NaN       NaN       NaN       NaN       NaN       NaN       NaN 
      NaN       NaN       NaN       NaN       NaN       NaN       NaN       NaN       NaN       NaN       NaN       NaN 
      NaN       NaN       NaN       NaN       NaN       NaN       NaN       NaN       NaN       NaN       NaN       NaN 
      NaN       NaN       NaN       NaN       NaN       NaN    0.0162    0.0185       NaN       NaN       NaN       NaN 
      NaN       NaN       NaN    0.0144    0.0112    0.0116    0.0089    0.0131    0.0166       NaN       NaN       NaN 
      NaN       NaN       NaN    0.0121    0.0088    0.0086    0.0084    0.0097    0.0114       NaN       NaN       NaN 
      NaN       NaN       NaN    0.0122    0.0099    0.0081    0.0084    0.0125    0.0133       NaN       NaN       NaN 
      NaN       NaN       NaN       NaN    0.0103    0.0109    0.0118    0.0111       NaN       NaN    0.0153       NaN 
      NaN       NaN       NaN       NaN    0.0095    0.0109    0.0131    0.0113    0.0111       NaN       NaN       NaN 
      NaN       NaN       NaN       NaN    0.0134    0.0105    0.0111    0.0116    0.0098    0.0098       NaN       NaN 
      NaN       NaN       NaN       NaN       NaN       NaN    0.0161    0.0131       NaN       NaN       NaN       NaN 
      NaN       NaN       NaN       NaN       NaN       NaN       NaN       NaN       NaN       NaN       NaN       NaN 
];
map.minOnset=[
      NaN       NaN       NaN       NaN       NaN       NaN       NaN       NaN       NaN       NaN       NaN       NaN 
      NaN       NaN       NaN       NaN       NaN       NaN       NaN       NaN       NaN       NaN       NaN       NaN 
      NaN       NaN       NaN       NaN       NaN       NaN       NaN       NaN       NaN       NaN       NaN       NaN 
      NaN       NaN       NaN       NaN       NaN       NaN    0.0221    0.0209       NaN       NaN       NaN       NaN 
      NaN       NaN       NaN    0.0174    0.0176    0.0175    0.0134    0.0209    0.0208       NaN       NaN       NaN 
      NaN       NaN       NaN    0.0154    0.0128    0.0154     0.018    0.0208    0.0165       NaN       NaN       NaN 
      NaN       NaN       NaN    0.0183    0.0159    0.0147    0.0166    0.0157    0.0205       NaN       NaN       NaN 
      NaN       NaN       NaN       NaN    0.0159    0.0166    0.0191    0.0273       NaN       NaN    0.0194       NaN 
      NaN       NaN       NaN       NaN    0.0143    0.0147    0.0175    0.0186    0.0159       NaN       NaN       NaN 
      NaN       NaN       NaN       NaN    0.0172     0.014    0.0159    0.0172    0.0167    0.0128       NaN       NaN 
      NaN       NaN       NaN       NaN       NaN       NaN     0.018    0.0194       NaN       NaN       NaN       NaN 
      NaN       NaN       NaN       NaN       NaN       NaN       NaN       NaN       NaN       NaN       NaN       NaN 
];
