function map = IG0343
map.experimentNumber= 'IG0343';
map.amplifierNumber= 1;
map.presynaptic='';
map.postsynaptic='';
%--------------------------------------------------------
map.distanceToPia= 405.8185;
% map.distanceToBarrelTop/Bottom=
map.cortexThickness= 1.1308e+03;
map.layer1Row= 4;
% map.distanceToMidline=
% map.GCCToMidline=
%--------------------------------------------------------
map.soma1Coordinates=[ 28.4387 -121.245 ]; 
map.laserPower= 1.21133 ; 
map.pulseWidth= nan;
map.xSpacing= 50 ; 
map.ySpacing= 50 ; 
map.numberOfMaps= 3 ; 
map.analysisWindow= 0.075 ; 
map.mean=[
        0         0         0         0         0         0    -1.129         0         0         0         0         0 
        0         0         0         0         0         0         0         0         0         0         0         0 
        0         0         0         0         0         0   -0.4013         0         0         0         0         0 
        0         0         0         0         0         0         0         0         0         0         0         0 
        0         0         0         0         0         0         0         0         0         0         0         0 
        0         0         0    -6.234    -6.937    -4.407    -2.066         0         0         0         0         0 
        0         0         0    -6.571    -6.362    -9.092         0         0         0         0         0         0 
        0         0         0    -4.138    -5.201         0         0         0         0         0         0         0 
        0         0         0         0    -5.266    -5.473    -6.625         0         0         0         0         0 
  -0.8618         0         0         0    -4.621     -7.41    -2.085         0         0         0         0         0 
        0         0    -3.093    -2.719    -5.575    -9.274    -7.663    -3.926         0         0         0         0 
        0         0         0         0    -1.448    -4.203    -4.729    -4.047    -2.568         0         0         0 
        0         0         0         0         0    -4.981    -6.847    -5.765         0         0         0         0 
   -4.143         0         0         0         0         0    -3.331   0.06176    -2.555         0         0         0 
        0         0         0         0         0         0         0         0         0         0         0         0 
        0    -2.658         0         0         0         0         0         0         0         0         0         0 
];
map.min=[
      NaN       NaN       NaN       NaN       NaN       NaN    -8.217       NaN       NaN       NaN       NaN       NaN 
      NaN       NaN       NaN       NaN       NaN       NaN       NaN       NaN       NaN       NaN       NaN       NaN 
      NaN       NaN       NaN       NaN       NaN       NaN    -7.893       NaN       NaN       NaN       NaN       NaN 
      NaN       NaN       NaN       NaN       NaN       NaN       NaN       NaN       NaN       NaN       NaN       NaN 
      NaN       NaN       NaN       NaN       NaN       NaN       NaN       NaN       NaN       NaN       NaN       NaN 
      NaN       NaN       NaN    -23.46    -23.14    -12.43    -9.299       NaN       NaN       NaN       NaN       NaN 
      NaN       NaN       NaN    -20.33    -25.63    -36.22       NaN       NaN       NaN       NaN       NaN       NaN 
      NaN       NaN       NaN    -14.92    -20.65       NaN       NaN       NaN       NaN       NaN       NaN       NaN 
      NaN       NaN       NaN       NaN    -22.27    -24.33     -30.6       NaN       NaN       NaN       NaN       NaN 
    -8.65       NaN       NaN       NaN    -27.68    -26.38    -15.03       NaN       NaN       NaN       NaN       NaN 
      NaN       NaN    -22.17    -9.947    -20.22    -40.76     -45.2    -16.43       NaN       NaN       NaN       NaN 
      NaN       NaN       NaN       NaN    -12.87    -25.84    -32.55    -26.38    -12.76       NaN       NaN       NaN 
      NaN       NaN       NaN       NaN       NaN    -18.81    -31.36    -20.76       NaN       NaN       NaN       NaN 
   -8.758       NaN       NaN       NaN       NaN       NaN    -11.57       -12    -9.082       NaN       NaN       NaN 
      NaN       NaN       NaN       NaN       NaN       NaN       NaN       NaN       NaN       NaN       NaN       NaN 
      NaN    -9.299       NaN       NaN       NaN       NaN       NaN       NaN       NaN       NaN       NaN       NaN 
];
map.integral=[
   0.1237   0.01998  -0.03399   0.07922   0.04652   -0.1312  -0.08486   0.07185 -0.001827    0.1338  -0.05903   0.02265 
 -0.01698  -0.06174   -0.1346 -0.001222    0.0997    0.1185   0.03133   -0.0349   0.07183   -0.1029   -0.0966   0.05122 
   -0.133    0.2074 -0.007915  -0.01956   0.07676 -0.009883   -0.0302   0.04235    0.1456   -0.1328  -0.08676   0.09165 
 -0.06503    0.1761    0.1457   0.01552 -0.004303   -0.0713    0.2279  0.003925  -0.03714   -0.1288   0.04963  -0.04147 
   -0.119     0.116   0.07978   0.05422   -0.1534  -0.05417   0.01715 -0.006017   -0.1225  -0.05449   0.01148  -0.01024 
 -0.02813  -0.08543  -0.09834    -0.468    -0.521   -0.3308    -0.155    0.1902    0.0305    0.0172  -0.06158   0.04907 
  0.09245    0.2472    0.0316   -0.4932   -0.4777   -0.6827   -0.1187   -0.1525  -0.07535   -0.0707  -0.01738    0.1383 
 -0.03555   0.01362   0.06809   -0.3107   -0.3905 -0.001189    0.1907   -0.1202   0.09297  -0.06619  -0.00226   0.06095 
 -0.05589 -0.009169   0.03288   -0.1249   -0.3952   -0.4108   -0.4975   0.03352  -0.07654   0.07505    0.1305   -0.1013 
 -0.06471   0.06554    0.0135    0.2666   -0.3472   -0.5565   -0.1566  -0.01529   0.04329   0.04726    0.0373    0.2131 
  0.02272   -0.1005   -0.2324   -0.2041   -0.4185   -0.6964   -0.5755   -0.2947  -0.03885   0.04397   -0.1386  -0.07647 
   0.0455  -0.04317   0.02532    -0.101   -0.1089   -0.3156   -0.3553   -0.3038    -0.193  -0.08125    0.1161    0.0312 
   0.1607   0.02054    0.1654   0.01477     0.131    -0.374   -0.5139   -0.4329   0.01236    0.1016  -0.09157   -0.1116 
  -0.3109   0.06209     0.012   0.04496 -0.000546   -0.1005   -0.2501  0.004595   -0.1916  -0.01119   0.00532  -0.07757 
 0.005925   -0.1466   0.02321   0.02097  -0.04184   -0.1699  -0.03291   0.07222    0.1608  -0.09917    0.1811  -0.04658 
   0.1294   -0.1995   0.05986   -0.1268    0.1428   0.01409    0.1325  -0.03774    -0.113     0.143   0.06168  -0.02669 
];
