function map = IG0327
map.experimentNumber= 'IG0327';
map.amplifierNumber= 1;
map.presynaptic='';
map.postsynaptic='';
%--------------------------------------------------------
map.distanceToPia= 307.8763;
% map.distanceToBarrelTop/Bottom=
map.cortexThickness= 1.0499e+03
;
map.layer1Row= 4;
% map.distanceToMidline=
% map.GCCToMidline=
%--------------------------------------------------------
map.soma1Coordinates=[ 26.2309 -46.9993 ]; 
map.laserPower= 1.495 ; 
map.pulseWidth= nan;
map.xSpacing= 50 ; 
map.ySpacing= 50 ; 
map.numberOfMaps= 3 ; 
map.analysisWindow= 0.075 ; 
map.mean=[
        0         0         0         0         0         0         0         0         0         0         0         0 
        0         0         0         0         0         0         0         0         0         0         0         0 
        0         0         0         0         0         0         0         0         0         0         0         0 
        0         0         0         0         0         0         0         0         0         0         0         0 
        0         0    -4.726     -3.61    -5.275    -3.245         0         0         0         0         0         0 
        0         0         0    -5.195    -8.048    -9.993    -6.544         0         0         0         0         0 
        0         0         0         0     -4.47    -6.045    -2.746         0         0         0         0         0 
        0         0         0         0    -3.248    -5.983    -2.204   -0.7734         0         0         0         0 
        0         0         0         0    -3.307    -3.538    -9.544    -4.677         0         0         0    -1.488 
        0         0         0    -1.804    -4.183    -6.495    -5.248    -7.619    -10.17    -10.17    -6.397         0 
        0         0    -3.269         0    -4.467    -4.908    -7.091    -9.337    -11.17    -14.95     -6.27         0 
        0         0         0         0         0         0    -3.914    -3.645    -4.805    -8.428    -2.464    -1.376 
        0         0         0         0         0         0         0         0         0         0         0         0 
        0         0         0         0         0         0         0         0         0         0         0         0 
        0         0         0         0         0         0         0         0         0         0         0         0 
        0         0         0         0         0         0         0         0         0         0         0         0 
];
map.min=[
      NaN       NaN       NaN       NaN       NaN       NaN       NaN       NaN       NaN       NaN       NaN       NaN 
      NaN       NaN       NaN       NaN       NaN       NaN       NaN       NaN       NaN       NaN       NaN       NaN 
      NaN       NaN       NaN       NaN       NaN       NaN       NaN       NaN       NaN       NaN       NaN       NaN 
      NaN       NaN       NaN       NaN       NaN       NaN       NaN       NaN       NaN       NaN       NaN       NaN 
      NaN       NaN    -11.89    -10.81       -16    -9.947       NaN       NaN       NaN       NaN       NaN       NaN 
      NaN       NaN       NaN    -14.27    -20.11    -29.84    -15.79       NaN       NaN       NaN       NaN       NaN 
      NaN       NaN       NaN       NaN    -12.22    -19.57    -9.731       NaN       NaN       NaN       NaN       NaN 
      NaN       NaN       NaN       NaN    -23.25    -25.73    -9.947    -11.46       NaN       NaN       NaN       NaN 
      NaN       NaN       NaN       NaN     -18.6    -21.95    -33.09    -17.73       NaN       NaN       NaN    -7.028 
      NaN       NaN       NaN    -7.244    -17.73    -29.73       -20    -27.68    -36.44    -35.46    -23.57       NaN 
      NaN       NaN    -10.27       NaN    -18.71    -17.73    -24.65    -30.92    -36.33    -40.44    -27.46       NaN 
      NaN       NaN       NaN       NaN       NaN       NaN    -15.79    -16.22    -15.14    -33.09    -14.49    -9.082 
      NaN       NaN       NaN       NaN       NaN       NaN       NaN       NaN       NaN       NaN       NaN       NaN 
      NaN       NaN       NaN       NaN       NaN       NaN       NaN       NaN       NaN       NaN       NaN       NaN 
      NaN       NaN       NaN       NaN       NaN       NaN       NaN       NaN       NaN       NaN       NaN       NaN 
      NaN       NaN       NaN       NaN       NaN       NaN       NaN       NaN       NaN       NaN       NaN       NaN 
];
map.integral=[
 -0.06885  -0.06815   0.04542   0.03335   0.03033   0.01467   0.08546   0.03952    0.0657  -0.01942   0.03608   0.02959 
 -0.02489  -0.07918  -0.08228   0.04261   0.05267  -0.01461  -0.05141  -0.05181   0.05067   -0.0315   0.02548  -0.01674 
 -0.02339  -0.00546  -0.01396  0.007536  -0.04222   0.05133    0.1127  -0.05335   -0.1204 -0.006423  0.002887   0.01496 
   0.1089   0.03245  -0.06792  -0.05726  -0.03338  -0.04431   0.08559 -0.001849  -0.04983  -0.08423  -0.02437  -0.06702 
 -0.04037  -0.02358   -0.3547    -0.271   -0.3961   -0.2435  -0.07833   0.01435  0.007439   0.03455   0.02703  -0.07084 
 0.009137   0.01199  -0.06971     -0.39   -0.6044   -0.7503   -0.4912   -0.0711  0.001276   0.01608  -0.01761  -0.03208 
  0.02508  -0.09044   0.03878   -0.1435   -0.3357   -0.4539   -0.2062   -0.1328   0.02887  -0.01686  -0.02032  -0.07453 
 0.008531   0.07661  -0.02104   -0.0233   -0.2441   -0.4493   -0.1653  -0.05828   0.09489   0.05532  -0.03048  -0.05937 
  0.02846  -0.04913  -0.05765    -0.086   -0.2484   -0.2656   -0.7167   -0.3512   0.07757  -0.09002   0.01004   -0.1116 
   0.1552  -0.04504   -0.0844   -0.1355    -0.314   -0.4878   -0.3942   -0.5721   -0.7639   -0.7637   -0.4805 -0.001406 
  0.03082   -0.1106   -0.2455   0.04195   -0.3354   -0.3687   -0.5325   -0.7011   -0.8385    -1.123   -0.4708    -0.043 
 -0.08412   -0.2013   0.03446 -0.004466  -0.01672  -0.03119   -0.2938   -0.2737   -0.3608   -0.6328    -0.185   -0.1034 
  0.06108  -0.09025   0.04206  -0.02757   0.02937   0.02358   0.02517   0.01249    -0.153  -0.06152  -0.01935   0.04275 
 -0.03074  -0.01819  0.003255  -0.05337   0.02576  -0.09459  -0.01939  -0.02238   0.01012   -0.0133  -0.04451   0.03883 
 -0.01591   0.02819   0.07441   0.01101    0.0304    0.1146   0.08984  -0.02183   0.02906  -0.02022   0.07958   0.05153 
  0.01326 -0.008066   0.03591   0.01171   -0.0526   0.07549  -0.06252   0.05233    0.1548   0.03799   0.03425   0.06036 
];
