function map = IG0334
map.experimentNumber= 'IG0334';
map.amplifierNumber= 1;
map.presynaptic='';
map.postsynaptic='';
%--------------------------------------------------------
map.distanceToPia= 395.7182;
% map.distanceToBarrelTop/Bottom=
map.cortexThickness= 1.1105e+03;
map.layer1Row= 3;
% map.distanceToMidline=
% map.GCCToMidline=
%--------------------------------------------------------
map.soma1Coordinates=[ 15.3722 -93.3204 ]; 
map.laserPower= 1.127 ; 
map.pulseWidth= nan;
map.xSpacing= 50 ; 
map.ySpacing= 50 ; 
map.numberOfMaps= 3 ; 
map.analysisWindow= 0.075 ; 
map.mean=[
        0         0         0         0         0         0         0         0         0         0         0         0 
        0         0         0         0         0         0         0         0         0         0         0         0 
        0         0         0         0         0         0         0         0         0         0         0         0 
        0         0         0         0         0         0         0         0         0         0         0         0 
        0         0         0         0         0         0         0         0         0         0         0         0 
        0         0         0         0         0         0         0         0         0         0         0         0 
        0         0         0         0         0         0         0         0         0         0         0         0 
        0         0         0         0         0         0         0         0         0         0         0         0 
        0         0         0         0    -3.306         0         0         0         0         0         0         0 
        0         0         0         0    -2.232    -1.485         0         0         0         0         0         0 
        0         0         0         0         0         0         0         0    -1.503         0         0         0 
        0         0         0         0         0         0         0         0         0         0         0         0 
        0         0         0         0         0         0         0         0         0         0         0         0 
        0         0         0         0    -1.845         0         0         0         0         0         0         0 
        0         0         0         0         0         0         0         0         0         0         0         0 
        0         0         0         0         0         0         0         0         0         0         0         0 
];
map.min=[
      NaN       NaN       NaN       NaN       NaN       NaN       NaN       NaN       NaN       NaN       NaN       NaN 
      NaN       NaN       NaN       NaN       NaN       NaN       NaN       NaN       NaN       NaN       NaN       NaN 
      NaN       NaN       NaN       NaN       NaN       NaN       NaN       NaN       NaN       NaN       NaN       NaN 
      NaN       NaN       NaN       NaN       NaN       NaN       NaN       NaN       NaN       NaN       NaN       NaN 
      NaN       NaN       NaN       NaN       NaN       NaN       NaN       NaN       NaN       NaN       NaN       NaN 
      NaN       NaN       NaN       NaN       NaN       NaN       NaN       NaN       NaN       NaN       NaN       NaN 
      NaN       NaN       NaN       NaN       NaN       NaN       NaN       NaN       NaN       NaN       NaN       NaN 
      NaN       NaN       NaN       NaN       NaN       NaN       NaN       NaN       NaN       NaN       NaN       NaN 
      NaN       NaN       NaN       NaN    -14.49       NaN       NaN       NaN       NaN       NaN       NaN       NaN 
      NaN       NaN       NaN       NaN    -12.33       -12       NaN       NaN       NaN       NaN       NaN       NaN 
      NaN       NaN       NaN       NaN       NaN       NaN       NaN       NaN     -6.92       NaN       NaN       NaN 
      NaN       NaN       NaN       NaN       NaN       NaN       NaN       NaN       NaN       NaN       NaN       NaN 
      NaN       NaN       NaN       NaN       NaN       NaN       NaN       NaN       NaN       NaN       NaN       NaN 
      NaN       NaN       NaN       NaN    -9.299       NaN       NaN       NaN       NaN       NaN       NaN       NaN 
      NaN       NaN       NaN       NaN       NaN       NaN       NaN       NaN       NaN       NaN       NaN       NaN 
      NaN       NaN       NaN       NaN       NaN       NaN       NaN       NaN       NaN       NaN       NaN       NaN 
];
map.integral=[
  -0.1275   0.04889  -0.09046    0.1027  -0.03055  -0.01047   0.03213  -0.03085   -0.1442  -0.01256  -0.01699  0.007352 
 0.001654   -0.1526  -0.03798  -0.05662  -0.04113   0.05409   -0.1239  -0.02145  0.004541   0.04241  -0.02758    0.2257 
   0.0674  -0.05852  0.007742  -0.05764   0.05394  -0.07198  -0.09719  -0.08555  -0.05105   -0.1349   0.05066  -0.04227 
  0.05983   0.04023  -0.04508   0.05728  -0.03808 -0.005493   -0.0302   0.08095     0.122   0.03763   0.06376  0.003082 
 -0.04626  -0.05427   0.02564   0.05497  -0.02379     0.043   -0.0612    0.1563    0.1089   0.02609    0.1005  -0.03892 
   0.1036  -0.07337   0.01627  -0.03292  -0.08639   0.07465  -0.04111   0.08947   0.07723     0.147   0.06665   -0.1814 
 -0.03173  -0.05208  -0.05227   0.00745   -0.0176  -0.01068  -0.07329   0.05975   -0.1162   0.06843   0.00386  0.008574 
   0.1615   0.02471  -0.02898  -0.01914   0.01916     0.086  -0.03223   0.08147    0.1866   0.05723   0.06853   0.09028 
   -0.119    0.1614  0.006196   0.01598   -0.2482  -0.08989    0.1083 -0.001903    0.1159   -0.0249    0.0473 -0.009861 
  0.08833    0.1008   0.04983   -0.1463   -0.1676   -0.1117   -0.1037   0.00586  -0.09889   -0.1067   0.08084   0.03655 
  0.05598       0.1  -0.02037   0.03546   0.02824  -0.04661  -0.07011  -0.06139   -0.1128   0.06898    0.1183   0.09037 
   0.1412   0.02426   -0.1221   0.05429   -0.0629    0.1976    0.1395  -0.05139   0.05939    0.1344  0.003244 -0.002346 
 -0.03785   -0.0446   0.09208   0.07184  0.003525   0.01027  -0.08023  -0.05054   -0.0756  -0.01716   0.04324      0.16 
 -0.03399  -0.08041   0.02156   0.01452   -0.1387  -0.01385   0.07751    0.0768  -0.02671   0.02124   0.05896  -0.06958 
 -0.01695    0.1512   0.07178    0.1179   -0.0272   0.06853   0.04763  -0.02879 -0.001027  -0.01887  -0.05453    0.1454 
 -0.03455  -0.01371   0.04253   0.01568   0.07035  -0.07263   0.01143 -0.008812    0.0488   0.09078    0.1701   0.05015 
];
