function map = IG0325
map.experimentNumber= 'IG0325';
map.amplifierNumber= 1;
map.presynaptic='';
map.postsynaptic='';
%--------------------------------------------------------
map.distanceToPia= 153.0530;
% map.distanceToBarrelTop/Bottom=
map.cortexThickness= 1.0881e+03
;
map.layer1Row= 3;
% map.distanceToMidline=
% map.GCCToMidline=
%--------------------------------------------------------
map.soma1Coordinates=[ 18.3135 40.3065 ]; 
map.laserPower= 1.38725 ; 
map.pulseWidth= nan;
map.xSpacing= 50 ; 
map.ySpacing= 50 ; 
map.numberOfMaps= 4 ; 
map.analysisWindow= 0.075 ; 
map.mean=[
        0         0         0    -2.352         0         0         0         0         0         0         0         0 
        0         0    -4.006         0         0         0         0         0         0         0         0         0 
        0         0         0         0         0    -3.401         0         0         0         0         0         0 
        0    -2.861    -6.965    -5.487    -5.463    -8.846   -0.9934         0         0         0         0         0 
        0         0    -7.985    -7.635    -12.92    -12.41    -10.92    -4.636         0         0         0         0 
        0    -3.748    -4.342    -8.027    -13.36    -13.79    -8.953    -4.616         0    -4.758         0    -0.531 
        0    -2.382     -5.57    -4.312    -7.369    -18.44    -12.81    -4.557    -2.618         0         0         0 
        0         0         0         0     -5.94    -3.708      -2.6    -2.272     -2.36         0         0         0 
        0         0         0         0         0         0         0         0         0         0         0         0 
        0         0         0   -0.5513         0         0         0         0         0         0         0         0 
        0         0         0         0         0         0         0         0         0         0         0         0 
        0         0         0         0         0    -1.082         0         0         0         0         0         0 
];
map.min=[
      NaN       NaN       NaN    -7.866       NaN       NaN       NaN       NaN       NaN       NaN       NaN       NaN 
      NaN       NaN    -9.974       NaN       NaN       NaN       NaN       NaN       NaN       NaN       NaN       NaN 
      NaN       NaN       NaN       NaN       NaN    -12.16       NaN       NaN       NaN       NaN       NaN       NaN 
      NaN    -9.326    -16.54    -16.22    -13.46     -35.6    -12.97       NaN       NaN       NaN       NaN       NaN 
      NaN       NaN    -16.54       -24    -46.22    -60.98    -42.98    -11.68       NaN       NaN       NaN       NaN 
      NaN    -10.54    -10.79    -28.63    -54.17     -51.9    -48.17     -26.6       NaN    -10.22       NaN    -7.136 
      NaN     -8.92    -15.89    -24.98    -32.11    -65.44    -61.39    -18.49    -12.65       NaN       NaN       NaN 
      NaN       NaN       NaN       NaN    -31.63    -15.73    -17.19    -12.49    -8.028       NaN       NaN       NaN 
      NaN       NaN       NaN       NaN       NaN       NaN       NaN       NaN       NaN       NaN       NaN       NaN 
      NaN       NaN       NaN    -7.785       NaN       NaN       NaN       NaN       NaN       NaN       NaN       NaN 
      NaN       NaN       NaN       NaN       NaN       NaN       NaN       NaN       NaN       NaN       NaN       NaN 
      NaN       NaN       NaN       NaN       NaN    -9.569       NaN       NaN       NaN       NaN       NaN       NaN 
];
map.integral=[
  0.05744    0.1806  -0.07023   -0.1765   -0.1509    0.2811   -0.1717    0.1216  -0.04407   0.04803  -0.07465   0.02472 
  -0.0874   -0.0643   -0.3006   0.04421  -0.07851  -0.02195  -0.08825    0.3286   -0.1172  -0.02959  -0.07809 0.0001622 
 -0.00609  -0.07439  -0.04301   -0.1803   -0.0775   -0.2552   0.03637   0.04502 -0.007542    0.1095   0.02084  -0.05753 
   0.3163   -0.2147   -0.5227   -0.4122     -0.41   -0.6643   -0.0747  -0.09315    0.2182   0.04717  -0.03258   -0.1741 
  -0.1747   -0.1064   -0.5993   -0.5732   -0.9702   -0.9321   -0.8199    -0.348  -0.01933   0.03178  -0.08664   0.03101 
-0.003941   -0.2813    -0.326   -0.6027    -1.003    -1.036   -0.6725   -0.3466  -0.06983   -0.3571    0.0109  -0.03994 
   0.1379   -0.1788    -0.418   -0.3239   -0.5533    -1.385   -0.9622   -0.3422   -0.1966   0.01941 -0.001095  -0.04519 
  0.09624    0.2166  -0.03559 -0.006398   -0.4456   -0.2782   -0.1952   -0.1707   -0.1773   -0.1657   0.06145   0.05123 
 -0.09285    0.1295  0.009739  -0.08003   0.08186    0.2085   0.06584  -0.00755   0.05865    0.1408  -0.05879    0.1097 
  0.02245  -0.01438   0.06221   -0.0415    0.1154    0.2424    0.2958  -0.07761    0.1736    0.1679   0.01683   0.03148 
   0.1305   0.06984    0.2305   0.06893   0.01633   0.02417   0.01053     0.138    0.1553  -0.08662    0.0118   -0.1113 
   0.0142   0.02474  -0.06288    0.1767   0.07956  -0.08125   0.07449   0.08653  -0.09214   -0.0551    0.0419  -0.06226 
];
map.onset=[
      NaN       NaN       NaN    0.0218       NaN       NaN       NaN       NaN       NaN       NaN       NaN       NaN 
      NaN       NaN    0.0107       NaN       NaN       NaN       NaN       NaN       NaN       NaN       NaN       NaN 
      NaN       NaN       NaN       NaN       NaN    0.0162       NaN       NaN       NaN       NaN       NaN       NaN 
      NaN    0.0256     0.014    0.0125    0.0151    0.0117    0.0148       NaN       NaN       NaN       NaN       NaN 
      NaN       NaN    0.0164    0.0134    0.0106    0.0082    0.0119    0.0154       NaN       NaN       NaN       NaN 
      NaN    0.0184    0.0189    0.0113    0.0108    0.0091    0.0122    0.0138       NaN    0.0078       NaN    0.0269 
      NaN    0.0312    0.0165     0.012    0.0119    0.0079      0.01    0.0102    0.0185       NaN       NaN       NaN 
      NaN       NaN       NaN       NaN      0.01    0.0078    0.0108    0.0112    0.0147       NaN       NaN       NaN 
      NaN       NaN       NaN       NaN       NaN       NaN       NaN       NaN       NaN       NaN       NaN       NaN 
      NaN       NaN       NaN    0.0263       NaN       NaN       NaN       NaN       NaN       NaN       NaN       NaN 
      NaN       NaN       NaN       NaN       NaN       NaN       NaN       NaN       NaN       NaN       NaN       NaN 
      NaN       NaN       NaN       NaN       NaN    0.0363       NaN       NaN       NaN       NaN       NaN       NaN 
];
map.minOnset=[
      NaN       NaN       NaN     0.031       NaN       NaN       NaN       NaN       NaN       NaN       NaN       NaN 
      NaN       NaN    0.0574       NaN       NaN       NaN       NaN       NaN       NaN       NaN       NaN       NaN 
      NaN       NaN       NaN       NaN       NaN    0.0345       NaN       NaN       NaN       NaN       NaN       NaN 
      NaN    0.0452    0.0236      0.03    0.0188    0.0201    0.0202       NaN       NaN       NaN       NaN       NaN 
      NaN       NaN    0.0275    0.0197    0.0186     0.017    0.0163      0.02       NaN       NaN       NaN       NaN 
      NaN     0.049    0.0356    0.0186    0.0186    0.0194    0.0199     0.016       NaN    0.0542       NaN     0.027 
      NaN    0.0548    0.0217    0.0173    0.0171    0.0137     0.015    0.0149    0.0197       NaN       NaN       NaN 
      NaN       NaN       NaN       NaN    0.0149    0.0126    0.0146    0.0132    0.0322       NaN       NaN       NaN 
      NaN       NaN       NaN       NaN       NaN       NaN       NaN       NaN       NaN       NaN       NaN       NaN 
      NaN       NaN       NaN    0.0265       NaN       NaN       NaN       NaN       NaN       NaN       NaN       NaN 
      NaN       NaN       NaN       NaN       NaN       NaN       NaN       NaN       NaN       NaN       NaN       NaN 
      NaN       NaN       NaN       NaN       NaN    0.0429       NaN       NaN       NaN       NaN       NaN       NaN 
];
