function map = IG0348
map.experimentNumber= 'IG0348';
map.amplifierNumber= 1;
map.presynaptic='';
map.postsynaptic='';
%--------------------------------------------------------
map.distanceToPia= 558.5575;
% map.distanceToBarrelTop/Bottom=
map.cortexThickness= 1.2404e+03;
map.layer1Row= 3;
% map.distanceToMidline=
% map.GCCToMidline=
%--------------------------------------------------------
map.soma1Coordinates=[ 18.2493 -172.89 ]; 
map.laserPower= 1.16725 ; 
map.pulseWidth= nan;
map.xSpacing= 50 ; 
map.ySpacing= 50 ; 
map.numberOfMaps= 4 ; 
map.analysisWindow= 0.075 ; 
map.mean=[
        0         0         0         0         0         0         0         0         0         0         0         0 
        0         0         0         0         0         0         0         0         0         0         0         0 
        0         0         0         0         0         0         0         0         0         0         0         0 
        0         0         0         0         0         0         0         0         0         0         0         0 
        0         0         0         0         0         0         0         0         0         0         0         0 
        0         0         0   -0.9187         0         0         0         0         0         0         0         0 
        0         0         0         0         0         0         0         0         0         0         0         0 
        0         0    -5.408         0    -3.118         0         0         0         0         0         0         0 
        0         0         0    -2.668    -3.775    -2.528         0         0         0         0         0         0 
        0         0         0         0   -0.9243    -4.413    -4.614         0         0         0         0         0 
        0         0         0    -2.221         0   -0.5449    -1.793         0    -2.938         0         0         0 
        0         0         0         0         0    -3.964     -3.51   -0.6996         0         0         0         0 
        0         0         0         0         0         0         0    -2.297         0         0         0         0 
        0         0         0         0         0         0         0    -2.539         0         0         0         0 
        0         0         0         0         0         0         0         0         0         0         0         0 
        0         0         0         0         0         0         0         0         0         0         0         0 
        0         0         0         0         0         0         0         0         0         0         0         0 
        0     -1.61         0         0         0         0         0         0         0         0         0         0 
        0         0         0         0         0         0         0         0         0         0         0         0 
        0         0         0         0         0         0         0         0         0         0         0         0 
];
map.min=[
      NaN       NaN       NaN       NaN       NaN       NaN       NaN       NaN       NaN       NaN       NaN       NaN 
      NaN       NaN       NaN       NaN       NaN       NaN       NaN       NaN       NaN       NaN       NaN       NaN 
      NaN       NaN       NaN       NaN       NaN       NaN       NaN       NaN       NaN       NaN       NaN       NaN 
      NaN       NaN       NaN       NaN       NaN       NaN       NaN       NaN       NaN       NaN       NaN       NaN 
      NaN       NaN       NaN       NaN       NaN       NaN       NaN       NaN       NaN       NaN       NaN       NaN 
      NaN       NaN       NaN    -7.136       NaN       NaN       NaN       NaN       NaN       NaN       NaN       NaN 
      NaN       NaN       NaN       NaN       NaN       NaN       NaN       NaN       NaN       NaN       NaN       NaN 
      NaN       NaN    -12.65       NaN    -9.245       NaN       NaN       NaN       NaN       NaN       NaN       NaN 
      NaN       NaN       NaN    -10.06    -11.03    -7.055       NaN       NaN       NaN       NaN       NaN       NaN 
      NaN       NaN       NaN       NaN    -6.163    -12.49    -16.62       NaN       NaN       NaN       NaN       NaN 
      NaN       NaN       NaN    -6.244       NaN    -5.839    -6.082       NaN     -11.6       NaN       NaN       NaN 
      NaN       NaN       NaN       NaN       NaN     -14.6    -13.06    -5.758       NaN       NaN       NaN       NaN 
      NaN       NaN       NaN       NaN       NaN       NaN       NaN    -8.596       NaN       NaN       NaN       NaN 
      NaN       NaN       NaN       NaN       NaN       NaN       NaN    -12.65       NaN       NaN       NaN       NaN 
      NaN       NaN       NaN       NaN       NaN       NaN       NaN       NaN       NaN       NaN       NaN       NaN 
      NaN       NaN       NaN       NaN       NaN       NaN       NaN       NaN       NaN       NaN       NaN       NaN 
      NaN       NaN       NaN       NaN       NaN       NaN       NaN       NaN       NaN       NaN       NaN       NaN 
      NaN    -6.001       NaN       NaN       NaN       NaN       NaN       NaN       NaN       NaN       NaN       NaN 
      NaN       NaN       NaN       NaN       NaN       NaN       NaN       NaN       NaN       NaN       NaN       NaN 
      NaN       NaN       NaN       NaN       NaN       NaN       NaN       NaN       NaN       NaN       NaN       NaN 
];
map.integral=[
  0.05789     0.051  -0.00506   0.03793  -0.09825   0.02083   -0.1203  -0.04704   -0.0484   0.02795  -0.01935  -0.07123 
   0.1637  -0.06905  -0.03652  -0.07631  -0.04501  -0.01349 -0.002287  0.003828   0.05387   0.03967  -0.01214  -0.05151 
  -0.0125  -0.05903 -0.002311  -0.02223  -0.06065   0.06938 -0.008669  -0.03133   0.02349   -0.0409    -0.022  -0.02014 
  0.01856  -0.02322   0.05051  -0.05942  -0.01536  -0.07645   0.01992  -0.02395  -0.05827  -0.06786   0.02165   0.03356 
  0.02607  -0.08847  -0.08174  -0.03961 -0.001306  0.000665    -0.143  -0.04603   0.02554   0.03966 -0.007428   0.02735 
  -0.1286   0.09674  -0.02014  -0.06894   0.04206  -0.05998 -0.001614  -0.01405  -0.01615  -0.02463   0.04544  -0.01421 
 -0.01174   0.03113   -0.1001   -0.1128    -0.113   -0.1151    -0.133  -0.07431  0.006204   0.01664   0.09078  -0.03687 
 -0.01898  -0.07981   -0.4059    -0.081   -0.2341  -0.07731 -0.009731  -0.02674   -0.1175   -0.1401   0.01367  -0.04223 
 -0.07821  -0.01983   0.04939   -0.2004   -0.2834   -0.1898  -0.06223   0.04572  0.002335   -0.1343  -0.02645   0.01181 
 -0.03017   0.02152  -0.03414  -0.05637  -0.06942   -0.3312   -0.3465  -0.05737   0.07899   0.01924    -0.069  -0.03505 
 -0.00532   0.02943     0.107   -0.1667  -0.07981  -0.04093   -0.1347  -0.03351   -0.2205  -0.04866  0.007023  -0.03241 
  0.05082  -0.05775    0.1535    0.0129   0.01781   -0.2976   -0.2635  -0.05259   0.05957    0.0141  -0.05159    -0.011 
  0.01186  -0.04612  -0.03064  -0.04667  -0.06477  -0.05324  0.005863   -0.1726   0.06493    -0.112   0.02975  -0.05827 
 -0.04056  -0.02652 -0.006901  -0.02941  -0.08737  -0.04802   -0.1063   -0.1906   0.02601  -0.06882  -0.04493   0.03262 
 -0.06642  -0.07058   0.01616  0.006771  -0.04295  -0.07714   0.01798   -0.0785  -0.03072   0.05166   0.01734  -0.08996 
 -0.02426  -0.03734  -0.05973    0.0277  -0.03125   0.02966  -0.06518   -0.1398   0.08965  -0.01051  -0.02914  -0.07427 
  -0.0192  -0.08546   0.06715   0.03516  -0.06848  0.008336   0.02674  -0.03023  0.006998  -0.02195 -0.001768  -0.02453 
 -0.01677   -0.1209 -0.0003649  -0.03667   0.08722    0.0543  -0.04421  -0.02404  0.006601    -0.105  -0.04652   0.01666 
   0.1362  -0.01563  -0.03671  0.009001  -0.03402  0.007534  -0.03534  -0.03974   0.01946   0.08199  -0.04621  0.003519 
-8.109e-06    -0.118  -0.01431  -0.04297  -0.03772  -0.03416  -0.07205  -0.04669 -0.002473   0.05102   0.09581   0.09007 
];
