function map = IG0339
map.experimentNumber= 'IG0339';
map.amplifierNumber= 1;
map.presynaptic='';
map.postsynaptic='';
%--------------------------------------------------------
map.distanceToPia= 498.9058;
% map.distanceToBarrelTop/Bottom=
map.cortexThickness= 1.1078e+03;
map.layer1Row= 3;
% map.distanceToMidline=
% map.GCCToMidline=
%--------------------------------------------------------
map.soma1Coordinates=[ 4.55818 -171.698 ]; 
map.laserPower= 1.465 ; 
map.pulseWidth= nan;
map.xSpacing= 50 ; 
map.ySpacing= 50 ; 
map.numberOfMaps= 2 ; 
map.analysisWindow= 0.075 ; 
map.mean=[
        0         0         0         0     3.435     -3.52         0         0         0         0         0         0 
        0         0         0         0         0         0         0         0         0         0         0         0 
        0         0         0         0         0         0         0         0    -5.223         0         0         0 
        0         0         0         0         0         0         0         0         0         0         0         0 
        0         0    -1.388         0         0         0         0         0         0         0         0         0 
        0         0         0         0         0         0         0         0         0         0         0         0 
        0         0         0         0         0         0         0         0         0         0         0         0 
        0         0         0         0         0         0         0         0         0         0         0         0 
        0         0         0         0         0         0         0         0         0         0         0    -3.181 
        0         0    -3.214         0         0         0         0         0         0         0         0         0 
   -4.863         0         0         0         0         0         0         0         0         0         0    -4.622 
        0         0         0         0     -3.66         0         0         0         0         0         0    -6.158 
        0         0         0         0         0         0         0         0         0         0         0         0 
        0         0         0         0         0         0         0         0         0         0         0         0 
   -4.904         0         0         0     -4.99         0         0         0         0         0         0         0 
        0         0         0         0         0         0         0         0         0         0         0         0 
];
map.min=[
      NaN       NaN       NaN       NaN    -11.35    -11.68       NaN       NaN       NaN       NaN       NaN       NaN 
      NaN       NaN       NaN       NaN       NaN       NaN       NaN       NaN       NaN       NaN       NaN       NaN 
      NaN       NaN       NaN       NaN       NaN       NaN       NaN       NaN    -13.95       NaN       NaN       NaN 
      NaN       NaN       NaN       NaN       NaN       NaN       NaN       NaN       NaN       NaN       NaN       NaN 
      NaN       NaN    -11.19       NaN       NaN       NaN       NaN       NaN       NaN       NaN       NaN       NaN 
      NaN       NaN       NaN       NaN       NaN       NaN       NaN       NaN       NaN       NaN       NaN       NaN 
      NaN       NaN       NaN       NaN       NaN       NaN       NaN       NaN       NaN       NaN       NaN       NaN 
      NaN       NaN       NaN       NaN       NaN       NaN       NaN       NaN       NaN       NaN       NaN       NaN 
      NaN       NaN       NaN       NaN       NaN       NaN       NaN       NaN       NaN       NaN       NaN    -13.95 
      NaN       NaN    -11.35       NaN       NaN       NaN       NaN       NaN       NaN       NaN       NaN       NaN 
   -15.57       NaN       NaN       NaN       NaN       NaN       NaN       NaN       NaN       NaN       NaN    -18.33 
      NaN       NaN       NaN       NaN    -22.22       NaN       NaN       NaN       NaN       NaN       NaN    -13.95 
      NaN       NaN       NaN       NaN       NaN       NaN       NaN       NaN       NaN       NaN       NaN       NaN 
      NaN       NaN       NaN       NaN       NaN       NaN       NaN       NaN       NaN       NaN       NaN       NaN 
   -12.65       NaN       NaN       NaN    -14.76       NaN       NaN       NaN       NaN       NaN       NaN       NaN 
      NaN       NaN       NaN       NaN       NaN       NaN       NaN       NaN       NaN       NaN       NaN       NaN 
];
map.integral=[
  -0.1489   0.02201    0.4704   0.09816     0.258   -0.2644   -0.1227    0.2963  -0.01502  -0.07748    0.4756  -0.05928 
  -0.2965    0.2278    0.1976  -0.01703   -0.1507    0.3769    -0.243    0.4685    0.1185   -0.2811    0.1351   -0.0936 
 -0.08745   -0.2303   -0.2099   -0.1032    0.3255   0.02198  -0.05835   0.01326    -0.392   0.01186   0.03317    0.1953 
  -0.1193     0.491  0.001476    0.1769   -0.1268  -0.04624    0.1041   -0.1411    0.2597   0.00652     0.319    0.3459 
  0.05004   -0.1185   -0.1041   -0.1304   -0.1436   -0.2226    0.3402   -0.1869   -0.1346   0.01182    0.2384  -0.09263 
   0.1335 0.0003892    0.2544   -0.1175    0.4911    0.1721   0.05245    -0.263   0.07816 -0.007963    0.6293 -0.007736 
  -0.3094   -0.2553   0.02253    0.5132    0.2179   -0.1154    0.0747   0.04859   0.04853    0.1016    0.1623    0.1086 
  0.01057    0.1662     0.611    0.2938  -0.01734   -0.0959    0.2677    0.5236    0.1904   -0.1246  -0.06033   -0.1003 
  0.02496    0.2048    0.4501  -0.06155    0.1569   0.06715   -0.1806    0.1101  -0.07361   0.04236   -0.2605   -0.2384 
   0.4408    0.3235   -0.2415   0.05441  -0.01393   -0.1658  0.001216   -0.1634   0.03819    0.4957    0.1848    0.1177 
  -0.3649   -0.1858   -0.1175    0.1371   -0.6035  -0.02451    0.1714    0.1415    0.2334   -0.2765   -0.1322   -0.3466 
   0.2361   0.01362   0.04587    0.1918    -0.274     0.248    0.2671  -0.02912   0.04243  -0.01669   -0.1349    -0.462 
   0.2032   -0.2922    0.0104   -0.0429   -0.1738  -0.08247   -0.1728   0.03755 -0.002692    0.1502    0.1132   -0.2267 
 -0.02577    -0.345    0.5067 -0.004606    0.4984   -0.1351   -0.1581   -0.1721  0.002481    0.2117    0.4029  -0.02588 
   -0.368  -0.01463  -0.05732 -0.004817   -0.3747 -0.002044   -0.3199   -0.1298  -0.08343    0.2892    0.1301    0.4065 
-0.009747   0.08538   0.07907 -0.001297   -0.1931   -0.1386   -0.0272  -0.02739    0.1927    0.1263    0.1995    0.2251 
];
