function map = IG0347
map.experimentNumber= 'IG0347';
map.amplifierNumber= 1;
map.presynaptic='';
map.postsynaptic='';
%--------------------------------------------------------
map.distanceToPia= 419.6221;
% map.distanceToBarrelTop/Bottom=
map.cortexThickness= 1.2432e+03;
map.layer1Row= 3;
% map.distanceToMidline=
% map.GCCToMidline=
%--------------------------------------------------------
map.soma1Coordinates=[ 41.371 -110.943 ]; 
map.laserPower= 1.18725 ; 
map.pulseWidth= nan;
map.xSpacing= 50 ; 
map.ySpacing= 50 ; 
map.numberOfMaps= 4 ; 
map.analysisWindow= 0.075 ; 
map.mean=[
        0         0         0         0         0         0         0         0         0         0         0         0 
        0         0         0         0         0         0         0         0         0         0         0         0 
        0         0         0         0         0         0         0         0         0         0         0         0 
        0         0         0         0         0         0         0         0         0         0         0         0 
        0         0    -5.499         0         0         0         0         0         0         0         0         0 
   -2.053         0    -3.998    -3.564    -7.182    -7.688    -5.712         0         0         0         0         0 
        0         0         0    -2.696    -5.815    -7.252    -6.724         0         0         0         0         0 
        0         0         0     -3.74    -7.781    -7.957    -7.878    -5.419         0         0         0         0 
        0         0         0    -3.813    -2.377    -12.83    -11.92    -4.074         0         0         0         0 
        0         0         0         0    -9.478    -12.24    -6.217    -2.894         0         0         0         0 
        0         0    -3.847    -5.268    -8.788    -14.89    -6.504    -2.961         0    -2.922         0         0 
        0         0         0    -1.697    -4.672    -9.905    -9.281         0         0         0         0         0 
        0         0    -3.459    -4.072     -5.53    -5.432         0    -2.036    -3.183         0         0         0 
        0         0         0         0    -3.798    -2.415    -3.142         0         0         0         0         0 
        0         0         0         0         0         0         0         0         0         0         0         0 
        0         0         0         0         0         0         0         0         0         0         0         0 
];
map.min=[
      NaN       NaN       NaN       NaN       NaN       NaN       NaN       NaN       NaN       NaN       NaN       NaN 
      NaN       NaN       NaN       NaN       NaN       NaN       NaN       NaN       NaN       NaN       NaN       NaN 
      NaN       NaN       NaN       NaN       NaN       NaN       NaN       NaN       NaN       NaN       NaN       NaN 
      NaN       NaN       NaN       NaN       NaN       NaN       NaN       NaN       NaN       NaN       NaN       NaN 
      NaN       NaN    -14.92       NaN       NaN       NaN       NaN       NaN       NaN       NaN       NaN       NaN 
   -6.001       NaN    -11.52    -15.57     -22.3    -21.73    -17.19       NaN       NaN       NaN       NaN       NaN 
      NaN       NaN       NaN    -9.082    -18.57    -29.68    -22.38       NaN       NaN       NaN       NaN       NaN 
      NaN       NaN       NaN    -10.46    -26.03    -28.38    -26.92    -15.49       NaN       NaN       NaN       NaN 
      NaN       NaN       NaN    -13.95    -14.35    -37.22    -40.63    -16.54       NaN       NaN       NaN       NaN 
      NaN       NaN       NaN       NaN    -37.47     -41.2    -27.17    -11.68       NaN       NaN       NaN       NaN 
      NaN       NaN    -17.19    -18.08    -33.98    -50.85    -28.87    -11.68       NaN    -11.19       NaN       NaN 
      NaN       NaN       NaN    -14.11     -20.6    -36.01    -32.68       NaN       NaN       NaN       NaN       NaN 
      NaN       NaN    -13.79    -17.03    -15.89    -18.08       NaN    -8.434    -9.164       NaN       NaN       NaN 
      NaN       NaN       NaN       NaN    -14.84    -14.52    -11.52       NaN       NaN       NaN       NaN       NaN 
      NaN       NaN       NaN       NaN       NaN       NaN       NaN       NaN       NaN       NaN       NaN       NaN 
      NaN       NaN       NaN       NaN       NaN       NaN       NaN       NaN       NaN       NaN       NaN       NaN 
];
map.integral=[
  0.05783   0.06319  -0.03396    0.1663  0.002141   0.04011   0.05439   0.05271   0.05801    0.0276  -0.06586   0.08912 
  0.05594  0.006569  -0.03627   0.01464  -0.03541   0.01063 -0.0007461  -0.03957  -0.07212  -0.06024  -0.01196  -0.07392 
  -0.0774   0.05401   0.02711 -0.005964  -0.06829   0.05586  -0.08248  -0.03352  -0.08594   0.05589  0.005839   0.01988 
 0.002044    0.0027  -0.05795    0.1494    -0.021    0.0714  -0.01375  -0.02543  -0.04914   -0.1086  -0.05944   -0.0277 
  0.02038  -0.02679   -0.4128  -0.01832  -0.06954   0.03155  -0.01868    0.1167  -0.06527  -0.02895  0.008734    0.1044 
  -0.1542  -0.08985   -0.3003   -0.2677   -0.5393   -0.5773   -0.4288  0.001727   -0.1241  -0.09705  -0.01332  -0.04013 
  0.09717   -0.1166   -0.0647   -0.2025   -0.4368   -0.5447   -0.5048  -0.02949    -0.015   0.01753  -0.01243  -0.01015 
 -0.09292  -0.09336  0.009018   -0.2808   -0.5844   -0.5974   -0.5916   -0.4069   -0.1187   0.02679   -0.1322   0.08439 
 -0.07349  -0.09461    0.0234   -0.2864   -0.1786   -0.9637   -0.8951   -0.3059   0.04021   0.08591   0.02304  -0.01595 
 -0.02408   -0.1111   0.02629  -0.02245   -0.7117   -0.9193   -0.4672   -0.2174   0.04205   0.04285   0.03592   0.05014 
  0.04927   0.04291   -0.2888   -0.3955   -0.6598    -1.118   -0.4886   -0.2223  -0.09337   -0.2193   -0.0464  -0.02644 
 -0.03218  -0.03416  -0.04373   -0.1275   -0.3509   -0.7437   -0.6968  -0.02549  -0.04523  -0.05409  -0.02864 -0.006293 
 -0.02888  -0.03234   -0.2597   -0.3056    -0.415   -0.4078   -0.0131   -0.1529    -0.239  -0.05087  -0.07617  -0.02535 
  0.01263   0.02576   -0.0649  -0.06757   -0.2852   -0.1815   -0.2359   -0.0677   -0.1057    0.1585  -0.04364   0.04813 
   0.0397   0.09548   0.06095  -0.06183    0.0816   -0.1417   -0.1894  -0.01332  -0.04729   0.05083  0.005304   0.07246 
 -0.04389  -0.03537   0.01313  -0.07556   0.02005  0.005068   0.02331   -0.1075   0.09059   -0.0855  -0.01113   0.06453 
];
