function map = IG0349
map.experimentNumber= 'IG0349';
map.amplifierNumber= 1;
map.presynaptic='';
map.postsynaptic='';
%--------------------------------------------------------
map.distanceToPia= 670.0296;
% map.distanceToBarrelTop/Bottom=
map.cortexThickness=  1.2448e+03;
map.layer1Row= 3;
% map.distanceToMidline=
% map.GCCToMidline=
%--------------------------------------------------------
map.soma1Coordinates=[ 16.5086 -261.688 ]; 
map.laserPower= 1.1925 ; 
map.pulseWidth= nan;
map.xSpacing= 50 ; 
map.ySpacing= 50 ; 
map.numberOfMaps= 4 ; 
map.analysisWindow= 0.075 ; 
map.mean=[
        0         0         0         0         0         0         0         0         0         0         0         0 
        0         0         0         0         0         0         0         0         0         0         0         0 
        0         0         0         0         0         0         0         0         0         0    -1.655         0 
        0         0         0         0         0         0         0         0         0         0         0         0 
        0         0         0         0         0         0         0         0         0         0         0         0 
        0         0         0         0         0         0         0         0         0         0         0         0 
        0         0         0         0         0         0         0         0         0         0         0         0 
        0         0         0         0         0         0         0         0         0         0         0         0 
        0         0         0         0         0         0         0         0         0         0         0         0 
        0         0         0         0         0         0         0         0         0         0         0         0 
        0         0         0         0         0         0         0         0         0         0         0         0 
        0         0         0         0         0         0         0         0         0         0         0         0 
        0         0         0         0         0         0         0     -1.81    -2.142         0         0         0 
        0         0         0         0         0         0         0         0         0         0         0         0 
        0         0         0         0         0         0         0         0         0         0         0         0 
        0         0         0         0         0         0         0         0         0         0         0         0 
        0         0         0         0         0         0         0         0         0         0         0         0 
        0         0         0         0         0         0         0         0         0         0         0         0 
        0         0         0         0         0         0         0         0         0         0         0         0 
        0         0         0         0         0         0         0         0         0         0         0         0 
];
map.min=[
      NaN       NaN       NaN       NaN       NaN       NaN       NaN       NaN       NaN       NaN       NaN       NaN 
      NaN       NaN       NaN       NaN       NaN       NaN       NaN       NaN       NaN       NaN       NaN       NaN 
      NaN       NaN       NaN       NaN       NaN       NaN       NaN       NaN       NaN       NaN    -7.623       NaN 
      NaN       NaN       NaN       NaN       NaN       NaN       NaN       NaN       NaN       NaN       NaN       NaN 
      NaN       NaN       NaN       NaN       NaN       NaN       NaN       NaN       NaN       NaN       NaN       NaN 
      NaN       NaN       NaN       NaN       NaN       NaN       NaN       NaN       NaN       NaN       NaN       NaN 
      NaN       NaN       NaN       NaN       NaN       NaN       NaN       NaN       NaN       NaN       NaN       NaN 
      NaN       NaN       NaN       NaN       NaN       NaN       NaN       NaN       NaN       NaN       NaN       NaN 
      NaN       NaN       NaN       NaN       NaN       NaN       NaN       NaN       NaN       NaN       NaN       NaN 
      NaN       NaN       NaN       NaN       NaN       NaN       NaN       NaN       NaN       NaN       NaN       NaN 
      NaN       NaN       NaN       NaN       NaN       NaN       NaN       NaN       NaN       NaN       NaN       NaN 
      NaN       NaN       NaN       NaN       NaN       NaN       NaN       NaN       NaN       NaN       NaN       NaN 
      NaN       NaN       NaN       NaN       NaN       NaN       NaN    -7.623    -7.055       NaN       NaN       NaN 
      NaN       NaN       NaN       NaN       NaN       NaN       NaN       NaN       NaN       NaN       NaN       NaN 
      NaN       NaN       NaN       NaN       NaN       NaN       NaN       NaN       NaN       NaN       NaN       NaN 
      NaN       NaN       NaN       NaN       NaN       NaN       NaN       NaN       NaN       NaN       NaN       NaN 
      NaN       NaN       NaN       NaN       NaN       NaN       NaN       NaN       NaN       NaN       NaN       NaN 
      NaN       NaN       NaN       NaN       NaN       NaN       NaN       NaN       NaN       NaN       NaN       NaN 
      NaN       NaN       NaN       NaN       NaN       NaN       NaN       NaN       NaN       NaN       NaN       NaN 
      NaN       NaN       NaN       NaN       NaN       NaN       NaN       NaN       NaN       NaN       NaN       NaN 
];
map.integral=[
   0.1201   0.04541   0.02944   0.05598   -0.0279  -0.02952    0.2515  -0.02743   -0.1393  -0.07926   0.05783  -0.07709 
 -0.01342    0.0439  -0.07989  -0.04156  -0.03734   0.09791   0.08835   0.04014   0.07084  -0.07559   0.03216 -0.008255 
   0.1345  -0.02316  -0.03215  -0.02496   0.03883    -0.035   0.07109  0.001103   0.05643  0.003609   -0.1242  -0.06595 
  0.01499  -0.02426   -0.0122   0.02601  -0.03376  0.008004   -0.0285  -0.01321   0.05086   0.09621   0.07676   0.07408 
   0.0441    0.1027    0.1729  -0.03116    0.0448  -0.01984  0.001889   0.01344 -0.003313   0.04394   0.08272  -0.03664 
  0.06522    0.1368   -0.0894   -0.1329  0.009212   0.07202   0.09658   0.02683  -0.04538  -0.01604    0.0244    0.1007 
  0.01904   0.06577   0.04278  -0.08244  0.009545  -0.04113   0.06248   0.01047   0.01618  -0.05077   0.04193  0.002425 
 -0.01237   -0.1252  -0.02135 -0.004079 -0.001038  0.005839  -0.07301    0.2814   -0.0753  0.002035    0.2078   0.01493 
 -0.04146   -0.0972    0.1882   0.05514  -0.08757  0.004509  -0.04907    0.1118  -0.02963    0.1109 0.0003568    0.1636 
  0.05276   0.02353  0.007185   0.01152  -0.04278   0.03352     0.237    0.0719    0.1293   0.09215    0.0601   0.07257 
  -0.1197   0.01405 -0.006236   0.08629  0.002417   0.05424  -0.04043   0.09235   0.03557  -0.01611    0.1971    0.1348 
 0.000819  -0.02237 -0.005677    0.1211   0.07936   -0.1002   0.06571   0.01576   0.08323  -0.03584    0.1007   0.07177 
  0.07187 -0.001241   -0.0924  -0.07716   0.04757    0.1519  -0.02897   -0.1358   -0.1609  -0.01528    0.1041    0.1127 
  0.09966   0.07719 -0.006731   0.01995    0.0138    0.1052  0.009391  -0.02269 -0.006252   -0.1288     0.135   0.03532 
   0.1002  0.008645    0.1818   -0.0415  -0.09286   0.04792    0.1064  -0.05681    0.1045  -0.08541  -0.08426  -0.05201 
  0.05724  -0.08072  -0.01801   0.03625    0.0935   0.02777   0.02863  -0.01407    0.0265   0.08084  -0.03093   0.08781 
 -0.07378    0.1119   0.02288  -0.08456  -0.01132  -0.07936   0.01053   0.01255   0.01225    0.1061   0.03338    0.1003 
   0.2194    0.1022   0.07597   0.07579 -0.004452   0.04523    0.1016   0.06093    0.1438   -0.0452    0.0332   0.02262 
  -0.1091   0.04895  -0.02666    0.1069  -0.05608    0.2408   0.03862  -0.04543    0.1112  -0.06102  -0.02137    0.1111 
  0.02998   0.04175  -0.04267     0.086  -0.05278 -0.003414  -0.03319    0.1768  -0.01458    0.0295 -0.003941    0.0748 
];
