function map = IG0338
map.experimentNumber= 'IG0338';
map.amplifierNumber= 1;
map.presynaptic='';
map.postsynaptic='';
%--------------------------------------------------------
map.distanceToPia= 410.9124;
% map.distanceToBarrelTop/Bottom=
map.cortexThickness= 1.1026e+03;
map.layer1Row= 3;
% map.distanceToMidline=
% map.GCCToMidline=
%--------------------------------------------------------
map.soma1Coordinates=[ 5.9236 -102.249 ]; 
map.laserPower= 1.4175 ; 
map.pulseWidth= nan;
map.xSpacing= 50 ; 
map.ySpacing= 50 ; 
map.numberOfMaps= 4 ; 
map.analysisWindow= 0.075 ; 
map.mean=[
        0         0         0         0         0         0         0         0         0         0         0         0 
        0         0         0         0         0         0         0         0         0         0         0         0 
        0         0         0         0         0         0         0         0         0         0         0         0 
        0         0         0         0         0         0         0         0         0         0         0         0 
        0         0         0         0         0         0         0         0         0         0         0         0 
        0         0         0    -1.394         0         0         0         0         0         0         0         0 
        0         0         0         0         0         0         0         0         0         0         0         0 
        0         0         0         0         0         0         0         0         0     -1.06         0         0 
        0         0         0         0         0         0    -5.079         0         0         0         0         0 
        0         0         0         0         0     -3.24    -3.417         0         0         0         0         0 
        0         0         0         0         0         0    -1.581         0         0         0         0   -0.2461 
        0         0         0         0         0    -1.601         0         0         0         0         0         0 
        0         0         0         0         0         0         0         0         0         0         0         0 
        0         0         0         0         0         0         0         0         0         0         0         0 
        0         0         0         0         0         0         0         0         0         0         0         0 
        0         0         0         0         0         0         0         0         0         0         0         0 
];
map.min=[
      NaN       NaN       NaN       NaN       NaN       NaN       NaN       NaN       NaN       NaN       NaN       NaN 
      NaN       NaN       NaN       NaN       NaN       NaN       NaN       NaN       NaN       NaN       NaN       NaN 
      NaN       NaN       NaN       NaN       NaN       NaN       NaN       NaN       NaN       NaN       NaN       NaN 
      NaN       NaN       NaN       NaN       NaN       NaN       NaN       NaN       NaN       NaN       NaN       NaN 
      NaN       NaN       NaN       NaN       NaN       NaN       NaN       NaN       NaN       NaN       NaN       NaN 
      NaN       NaN       NaN    -6.244       NaN       NaN       NaN       NaN       NaN       NaN       NaN       NaN 
      NaN       NaN       NaN       NaN       NaN       NaN       NaN       NaN       NaN       NaN       NaN       NaN 
      NaN       NaN       NaN       NaN       NaN       NaN       NaN       NaN       NaN    -5.677       NaN       NaN 
      NaN       NaN       NaN       NaN       NaN       NaN    -19.79       NaN       NaN       NaN       NaN       NaN 
      NaN       NaN       NaN       NaN       NaN    -18.65     -13.7       NaN       NaN       NaN       NaN       NaN 
      NaN       NaN       NaN       NaN       NaN       NaN    -9.569       NaN       NaN       NaN       NaN    -5.433 
      NaN       NaN       NaN       NaN       NaN    -9.407       NaN       NaN       NaN       NaN       NaN       NaN 
      NaN       NaN       NaN       NaN       NaN       NaN       NaN       NaN       NaN       NaN       NaN       NaN 
      NaN       NaN       NaN       NaN       NaN       NaN       NaN       NaN       NaN       NaN       NaN       NaN 
      NaN       NaN       NaN       NaN       NaN       NaN       NaN       NaN       NaN       NaN       NaN       NaN 
      NaN       NaN       NaN       NaN       NaN       NaN       NaN       NaN       NaN       NaN       NaN       NaN 
];
map.integral=[
  0.04372  -0.07929   0.01999   0.07715   0.02934  -0.03872   0.02851   0.03429  0.005668   0.03206   0.02935  -0.09949 
  0.02926   -0.0549 -0.007858  -0.03009   0.01323  -0.02541  -0.04667  -0.03045   0.07439  -0.07139     0.101   0.08806 
 -0.03207  -0.02193    0.1105   0.05366  -0.04216  -0.05384  -0.03262 -0.001525    -0.125   -0.0354  -0.01724   0.03386 
  0.06417  -0.00918  -0.02622   0.02899   0.03811  -0.03727  -0.09771  0.001711  -0.03948  -0.04604  -0.02048   0.02656 
  -0.0131   0.01607  0.003609  -0.01964   -0.0977  -0.03913   0.01864  0.002498  -0.04442   0.05797    0.1162  -0.01501 
  0.03457   0.02438  -0.03374   -0.1046  -0.02453   -0.1173   -0.1026  -0.05019  -0.07179  -0.02666   -0.0328 -0.004614 
  0.02653   0.05077   0.08647  -0.01425  -0.03112 -0.009318  0.009666  -0.04041  -0.04553  -0.06043  -0.05475   -0.0285 
 -0.03532  0.004063   0.02342  0.004866  -0.03762  -0.06324  -0.04038   0.02525  -0.09757  -0.07946   0.03346  -0.01836 
 0.005944  -0.03628  -0.05445  -0.05705  -0.02816   -0.1075   -0.3813  -0.01905  -0.01471   0.02351   0.03829   0.00429 
  0.03292   0.02529  -0.02667   0.08636  -0.07355   -0.2432   -0.2567  -0.08318  -0.05348    0.1211    0.1149  -0.02726 
 -0.08543  0.002327    0.1412   -0.1099  -0.06917   0.01127   -0.1188  -0.02933  -0.04437   0.01497   0.07844  -0.01846 
 0.005733   0.09583  -0.07873   0.08307 -0.004103   -0.1203    0.0366   0.09313  -0.04091   0.09983  -0.01006 -0.009382 
-0.006106  -0.03729   0.09032    0.1044  -0.09117  0.008142   0.09644     0.013  -0.02286  -0.04207 -0.009642   0.02115 
  0.02104   0.03043   0.07289  -0.02542  -0.02224  -0.03269 -0.002672  -0.09417  0.004128  -0.05101  0.009034  -0.01776 
  0.01781   0.08627   0.03013  -0.03614   0.01581   0.01601   0.02849  -0.04831  -0.01939   0.04253  -0.01619  -0.04446 
  0.01404   0.03821   0.04267   0.03369    0.0659   0.03081  0.001289  -0.01088  -0.08427  -0.05048  -0.03496    0.1362 
];
